# [1] m:            [M_sun/h] 
# [2] sigma 
# [3] ln(1/sigma) 
# [4] n_eff 
# [5] f(sigma) 
# [6] dn/dm:        [h^4/(Mpc^3*M_sun)] 
# [7] dn/dlnm:      [h^3/Mpc^3] 
# [8] dn/dlog10m:   [h^3/Mpc^3] 
# [9] n(>m):        [h^3/Mpc^3] 
# [11] rho(>m):     [M_sun*h^2/Mpc^3] 
# [11] rho(<m):     [M_sun*h^2/Mpc^3] 
# [12] Lbox(N=1):   [Mpc/h]
1.000000000000000000e+10 3.714092303551908003e+00 -1.312134315489728698e+00 -2.361242218390441128e+00 2.571112134042401465e-01 2.062535296259375540e-11 2.062535296259375428e-01 4.749163026940895760e-01 2.359286333646952449e-01 3.873755987362031555e+10 3.661455012637968445e+10 1.618352473723239981e+00
1.122018454301965332e+10 3.668678695828151870e+00 -1.299831568856000485e+00 -2.356394020342361451e+00 2.587648509011610254e-01 1.661382080515881856e-11 1.864101353985413156e-01 4.292251989516829291e-01 2.133250958235510253e-01 3.849843114937799072e+10 3.685367885062200928e+10 1.673603916621180021e+00
1.258925411794171333e+10 3.623480653200523260e+00 -1.287435070295465778e+00 -2.351505963623462314e+00 2.604368500430264688e-01 1.338297257766018796e-11 1.684816426336095407e-01 3.879433187712994502e-01 1.928958828804765435e-01 3.825593357522494507e+10 3.709617642477505493e+10 1.730715489682003616e+00
1.412537544622761154e+10 3.578499810941914383e+00 -1.274943665364856482e+00 -2.346529688066314456e+00 2.621272289043155013e-01 1.078157393946446017e-11 1.522937797961987916e-01 3.506693871144451191e-01 1.744305652333330015e-01 3.801000223087845612e+10 3.734210776912154388e+10 1.789750410219977717e+00
1.584893192461123848e+10 3.533738348174689570e+00 -1.262356332722650576e+00 -2.341474016061691366e+00 2.638359626008884851e-01 8.686625047558923454e-12 1.376737290333842345e-01 3.170054761691721290e-01 1.577386936512426285e-01 3.776056385682785034e+10 3.759154614317214966e+10 1.850776259664655754e+00
1.778279410038937378e+10 3.489197807247922611e+00 -1.249671855136949894e+00 -2.336369787180621493e+00 2.655630256122600286e-01 6.999031131531190075e-12 1.244623295142344155e-01 2.865851045787890516e-01 1.426489291325436504e-01 3.750755180386541748e+10 3.784455819613458252e+10 1.913861450054574531e+00
1.995262314968899155e+10 3.444879311398106658e+00 -1.236888870876076796e+00 -2.331230172041795168e+00 2.673083827019236414e-01 5.639406715545898553e-12 1.125209569831126521e-01 2.590890781987394975e-01 1.290070745631055060e-01 3.725090703770384216e+10 3.810120296229615784e+10 1.979074566620915521e+00
2.238721138568365097e+10 3.400784238500401901e+00 -1.224006063407031997e+00 -2.326009928735548904e+00 2.690719605157803063e-01 4.544290740791872925e-12 1.017339974121126145e-01 2.342511858918253365e-01 1.166735679608414261e-01 3.699056359881866455e+10 3.836154640118133545e+10 2.046487864369623377e+00
2.511886431509613037e+10 3.356914815411106812e+00 -1.211022342463283552e+00 -2.320692310577221917e+00 2.708536197435260084e-01 3.662227690640369097e-12 9.199100045218328026e-02 2.118171063308057489e-01 1.055218606552756899e-01 3.672644269958248901e+10 3.862566730041751099e+10 2.116179582341107146e+00
2.818382931264495468e+10 3.313272846262792282e+00 -1.197936476178643739e+00 -2.315317312196524036e+00 2.726532023359533596e-01 2.951509036700746085e-12 8.318482690510295430e-02 1.915401423949801007e-01 9.543792943713108601e-02 3.645846920374949646e+10 3.889364079625050354e+10 2.188230147887412436e+00
3.162277660168431091e+10 3.269859583811669079e+00 -1.184747043256805910e+00 -2.309902960356768453e+00 2.744705350128396892e-01 2.378756898377163001e-12 7.522289798709649866e-02 1.732071235569002110e-01 8.631924778833412193e-02 3.618657858240349579e+10 3.916553141759650421e+10 2.262719837077584728e+00
3.548133892335818481e+10 3.226676217871203622e+00 -1.171452572700045547e+00 -2.304421799754767353e+00 2.763054066055014024e-01 1.917253384505365128e-12 6.802671713759042560e-02 1.566373048063383067e-01 7.807313707925318813e-02 3.591070379555511475e+10 3.944140620444488525e+10 2.339732045286260220e+00
3.981071705535050964e+10 3.183724862646736931e+00 -1.158051851763041373e+00 -2.298830311591653519e+00 2.781575216103084891e-01 1.545461209387242871e-12 6.152591892693533293e-02 1.416686637539215088e-01 7.061548786524672605e-02 3.563076298585031891e+10 3.972134701414968109e+10 2.419357303651854529e+00
4.466835921509725952e+10 3.141007611698467539e+00 -1.144543643889602391e+00 -2.293167586774802480e+00 2.800265348444232472e-01 1.245832943000040652e-12 5.564931341992760544e-02 1.281372795160788114e-01 6.387033928349675205e-02 3.534667265788565826e+10 4.000543734211434174e+10 2.501690574438702797e+00
5.011872336272837830e+10 3.098525865593243722e+00 -1.130926471164186431e+00 -2.287456520659270076e+00 2.819120771635736933e-01 1.004313311743640752e-12 5.033490104078511967e-02 1.159003927938423023e-01 5.776939747574874606e-02 3.505836111402726746e+10 4.029374888597273254e+10 2.586827012524800296e+00
5.623413251903628540e+10 3.056280753626023028e+00 -1.117198736726540131e+00 -2.281693329055031860e+00 2.838137337811345584e-01 8.096316448704914605e-13 4.552893320925253950e-02 1.048342429075464627e-01 5.225103158321404984e-02 3.476576005322071838e+10 4.058634994677928162e+10 2.674864027917235543e+00
6.309573444802097321e+10 3.014274147206072563e+00 -1.103359053999558137e+00 -2.275816282555898518e+00 2.857309934101231463e-01 6.527551012826606053e-13 4.118606253012178919e-02 9.483441362097906613e-02 4.725931517000093313e-02 3.446878731105674744e+10 4.088332268894325256e+10 2.765906693597596444e+00
7.079457843841575623e+10 2.972508370689607826e+00 -1.089406165622436973e+00 -2.269846482924974485e+00 2.876632538647213577e-01 5.263113522408105475e-13 3.725999030924073002e-02 8.579429825116031971e-02 4.274359737319746722e-02 3.416735185716990662e+10 4.118475814283009338e+10 2.860067677332124081e+00
7.943282347243049622e+10 2.930985014302515790e+00 -1.075338548888157053e+00 -2.263819168787725378e+00 2.896098707162543251e-01 4.243674179483495643e-13 3.370870219734238560e-02 7.761715518377620970e-02 3.865831103732407514e-02 3.386137383308851242e+10 4.149073616691148376e+10 2.957461102374505213e+00
8.912509381337731934e+10 2.889705265431912640e+00 -1.061154512643975645e+00 -2.257748934562117782e+00 2.915701372810057812e-01 3.421669341437317234e-13 3.049566010539579014e-02 7.021885235969757555e-02 3.496241084873724647e-02 3.355078354333423996e+10 4.180132645666575623e+10 3.058202291196705058e+00
1.000000000000032654e+11 2.848670698884830710e+00 -1.046852464028323437e+00 -2.251571783921746839e+00 2.935432406231980873e-01 2.759093411355468961e-13 2.759093411355558953e-02 6.353047359165399366e-02 3.161867769995347494e-02 3.323550081425445938e+10 4.211660918574554443e+10 3.162414302033782931e+00
1.122018454302001953e+11 2.807883735698321725e+00 -1.032431080640527910e+00 -2.245277647506623175e+00 2.955282304206163779e-01 2.225001732159663354e-13 2.496493004337062283e-02 5.748387576550439276e-02 2.859331896602452724e-02 3.291542970669107056e+10 4.243668029330892944e+10 3.270231345755390429e+00
1.258925411794212494e+11 2.767346222146506829e+00 -1.017888818436776921e+00 -2.238916054641925779e+00 2.975240788607612097e-01 1.794315660570452024e-13 2.258909581872460895e-02 5.201331529640941531e-02 2.585588918947669471e-02 3.259048257216103745e+10 4.276162742783895874e+10 3.381791597325628285e+00
1.412537544622807312e+11 2.727059468707625722e+00 -1.003223910999207602e+00 -2.232509641017609514e+00 2.995296716835090800e-01 1.446961402902010937e-13 2.043887307219179050e-02 4.706224445362623687e-02 2.337900019572581450e-02 3.226058739315284348e+10 4.309152260684715271e+10 3.497233972090469045e+00
1.584893192461175842e+11 2.687024800013613213e+00 -9.884345592199438313e-01 -2.226013176835671903e+00 3.015437724446743961e-01 1.166885110557333661e-13 1.849388268106624822e-02 4.258373857300390419e-02 2.113785062006006896e-02 3.192566773165568542e+10 4.342644226834431458e+10 3.616704766468480603e+00
1.778279410038995667e+11 2.647244553745764062e+00 -9.735193080010726696e-01 -2.219379298806380962e+00 3.035649613395922097e-01 9.411002173973645898e-14 1.673539139380956012e-02 3.853466274880674308e-02 1.910989058701481266e-02 3.158562754487343597e+10 4.376648245512656403e+10 3.740364557932680967e+00
1.995262314968964539e+11 2.607720877937849568e+00 -9.584766130062080114e-01 -2.212663680638319974e+00 3.055916839202095225e-01 7.590073556702600902e-14 1.514418773553115327e-02 3.487078092533728996e-02 1.727475449516122086e-02 3.124037316384127808e+10 4.411173683615872192e+10 3.868382162094990750e+00
2.238721138568438416e+11 2.568455218155735409e+00 -9.433046357549867977e-01 -2.205892214620130964e+00 3.076222667232695884e-01 6.121267932029468281e-14 1.370381191427548148e-02 3.155419303100492207e-02 1.561413014625267180e-02 3.088982967878417206e+10 4.446228032121582794e+10 4.000927991270571304e+00
2.511886431509695129e+11 2.529448775813501360e+00 -9.280014038286563682e-01 -2.199051416742817011e+00 3.096548823569904019e-01 4.936586338115598931e-14 1.240014424068870517e-02 2.855238727958578360e-02 1.411146563848791023e-02 3.053392619592472076e+10 4.481818380407527924e+10 4.138179190615029590e+00
2.818382931264587402e+11 2.490703644202546752e+00 -9.125652585892898294e-01 -2.192064598518336904e+00 3.116874766740078129e-01 3.981439847389588240e-14 1.122122210773949906e-02 2.583781875045619916e-02 1.275171048773686595e-02 3.017257314206923294e+10 4.517953685793077087e+10 4.280329332552989641e+00
3.162277660168534546e+11 2.452222240160220501e+00 -8.969946502474226424e-01 -2.184970324783294338e+00 3.137177830541597601e-01 3.211121412140609472e-14 1.015445750570108732e-02 2.338150248006882689e-02 1.152122745697374551e-02 2.980567396631600952e+10 4.554643603368399048e+10 4.427586790596735433e+00
3.548133892335934448e+11 2.414006172779490811e+00 -8.812876797472530832e-01 -2.177808719088067058e+00 3.157433670441122664e-01 2.589710814103491807e-14 9.188640710869484460e-03 2.115762712572628879e-02 1.040774921682887169e-02 2.943315172421577835e+10 4.591895827578422546e+10 4.580164331692557766e+00
3.981071705535180664e+11 2.376056656941760270e+00 -8.654422467303076738e-01 -2.170594329757697949e+00 3.177615890391863318e-01 2.088394622240090247e-14 8.314048740591856168e-03 1.914380469251272809e-02 9.400213421372901126e-03 2.905494434150615692e+10 4.629716565849384308e+10 4.738280447918165272e+00
4.466835921509872437e+11 2.338375448511524457e+00 -8.494564354917026883e-01 -2.163238674851545085e+00 3.197695370658321101e-01 1.684158085793013002e-14 7.522857835121536142e-03 1.732202030786430744e-02 8.488567796363479315e-03 2.867097563715129471e+10 4.668113436284870911e+10 4.902171786376427143e+00
5.011872336273001709e+11 2.300965101476707186e+00 -8.333286442614239453e-01 -2.155743601142432020e+00 3.217639941294718753e-01 1.358175752478413027e-14 6.807003481643325755e-03 1.567370474479048981e-02 7.663674670047112072e-03 2.828115256274724960e+10 4.707095743725274658e+10 5.072098122029072620e+00
5.623413251903812256e+11 2.263827452615708058e+00 -8.170569439275765511e-01 -2.148169567832409310e+00 3.237414994779502786e-01 1.095205693551644010e-14 6.158794210678820297e-03 1.418114774032708247e-02 6.917303357919175714e-03 2.788539990937853241e+10 4.746671009062146759e+10 5.248329092345917601e+00
6.309573444802304688e+11 2.226963811487548295e+00 -8.006391382498669884e-01 -2.140545856440082328e+00 3.256983175793125573e-01 8.830440984552800069e-15 5.571631594202826332e-03 1.282915585246607870e-02 6.242045768099349634e-03 2.748366752133825684e+10 4.786844247866174316e+10 5.431140240587710721e+00
7.079457843841807861e+11 2.190375606355268179e+00 -7.840730388735576151e-01 -2.132800666107843135e+00 3.276303811372853758e-01 7.119463538048521491e-15 5.040194198838335131e-03 1.160547602804021944e-02 5.631179971086694609e-03 2.707590007287781525e+10 4.827620992712218475e+10 5.620826726712250476e+00
7.943282347243309326e+11 2.154065338432460841e+00 -7.673569118082489426e-01 -2.124885408527031228e+00 3.295332175370859762e-01 5.739952408054475813e-15 4.559406263691584416e-03 1.049842089567992222e-02 5.078582547993693713e-03 2.666201907369578552e+10 4.869009092630421448e+10 5.817715704738989579e+00
8.912509381338023682e+11 2.118035134955504883e+00 -7.504888357835989288e-01 -2.116876485201855118e+00 3.314020013982073576e-01 4.627226337060370502e-15 4.124019813862493493e-03 9.495906546611856611e-03 4.578724361936401151e-03 2.624195837980685806e+10 4.911015162019314575e+10 6.022153669483772731e+00
1.000000000000065430e+12 2.082286418964831132e+00 -7.334665298783830112e-01 -2.108806190309739037e+00 3.332315448871151498e-01 3.729601537695473243e-15 3.729601537695717301e-03 8.587724903505830620e-03 4.126633575683461182e-03 2.581568436676673126e+10 4.953642563323326874e+10 6.234496194626629517e+00
1.122018454302038818e+12 2.046820405326109871e+00 -7.162875672786785941e-01 -2.100643271054760675e+00 3.350162429396651431e-01 3.005675004954737995e-15 3.372422823193587868e-03 7.765290519958450641e-03 3.717808190096856188e-03 2.538317126251882172e+10 4.996893873748117828e+10 6.455120295760913507e+00
1.258925411794253662e+12 2.011639345728206241e+00 -6.989499845438599257e-01 -2.092293200259695674e+00 3.367499822426888167e-01 2.422129381008567235e-15 3.049280228405171211e-03 7.021227198287226592e-03 3.348145247140715732e-03 2.494437124731095505e+10 5.040773875268904114e+10 6.684443190273333890e+00
1.412537544622853760e+12 1.976745653351503318e+00 -6.814518830801803428e-01 -2.083820321445344792e+00 3.384261587216869649e-01 1.951590730471342510e-15 2.756695178528711758e-03 6.347525224008772164e-03 3.013926436583317346e-03 2.449923827140451431e+10 5.085287172859548950e+10 6.922916881175941839e+00
1.584893192461227539e+12 1.942140872727702527e+00 -6.637909072627963258e-01 -2.075271323865898410e+00 3.400376960995455944e-01 1.572119512179426535e-15 2.491641512588638804e-03 5.737216603971736183e-03 2.711807890883806069e-03 2.404776344056293488e+10 5.130434655943706512e+10 7.171010525616997811e+00
1.778279410039053711e+12 1.907826155313681493e+00 -6.459644553077487084e-01 -2.066657218336124480e+00 3.415769868210144500e-01 1.266117302147655715e-15 2.251510329103371694e-03 5.184294120515541872e-03 2.438770122771625158e-03 2.358996346482769775e+10 5.176214653517230225e+10 7.429217014876557279e+00
1.995262314969029785e+12 1.873803367718890112e+00 -6.279702518003279499e-01 -2.057856871990215719e+00 3.430358084748942327e-01 1.019531173231845400e-15 2.034232128885662960e-03 4.683992575661669912e-03 2.192062955367195774e-03 2.312584053082990646e+10 5.222626946917008972e+10 7.698078328087096800e+00
2.238721138568511719e+12 1.840075089202203973e+00 -6.098063801372393122e-01 -2.048891927815502889e+00 3.444052976376344444e-01 8.208123046490040307e-16 1.837569857214862512e-03 4.231160960558140276e-03 1.969184116961701300e-03 2.265538594700741196e+10 5.269672405299258423e+10 7.978193376816075322e+00
2.511886431509777344e+12 1.806643042894926054e+00 -5.914704508095377511e-01 -2.039837226284765492e+00 3.456759840052792132e-01 6.606299203779430260e-16 1.659427333246739659e-03 3.820972640440805593e-03 1.767880776936728597e-03 2.217862997666289520e+10 5.317348002333710480e+10 8.270193585854990204e+00
2.818382931264679688e+12 1.773508420021308929e+00 -5.729597429063751912e-01 -2.030730595398965388e+00 3.468377357881652356e-01 5.315143743953745357e-16 1.498011040517748058e-03 3.449297891036666366e-03 1.586124013649792622e-03 2.169564768587193680e+10 5.365646231412806702e+10 8.574739858319954777e+00
3.162277660168638184e+12 1.740672663395766540e+00 -5.542716266789751156e-01 -2.021460078550125772e+00 3.478796942083811072e-01 4.275154313544656717e-16 1.351922497949585838e-03 3.112916590661990099e-03 1.422068651607326980e-03 2.120651396353284454e+10 5.414559603646715546e+10 8.892553343422344270e+00
3.548133892336050781e+12 1.708138319797917637e+00 -5.354040755756345193e-01 -2.011980445376550186e+00 3.487902225137879952e-01 3.437747774954730138e-16 1.219758939361972362e-03 2.808598750821106067e-03 1.274030768070250194e-03 2.071128418827335358e+10 5.464082581172664642e+10 9.224440371841412301e+00
3.981071705535311035e+12 1.675907360164246684e+00 -5.163547261671993516e-01 -2.002395340471074370e+00 3.495569353707518312e-01 2.763252423492733962e-16 1.100070603841880011e-03 2.533006173647271448e-03 1.140490644958541298e-03 2.021005009763299179e+10 5.514205990236700439e+10 9.571266840683362531e+00
4.466835921510018555e+12 1.643981044524989832e+00 -4.971207664732277265e-01 -1.992749667171835659e+00 3.501666635907914604e-01 2.220017435275043848e-16 9.916453626265108335e-04 2.283347829520479023e-03 1.020081794879348046e-03 1.970296461478155899e+10 5.564914538521844482e+10 9.933943090884442384e+00
5.011872336273166016e+12 1.612360476164146350e+00 -4.776992395343330755e-01 -1.982980207159383390e+00 3.506054061957966650e-01 1.782757125794846808e-16 8.934951121065052952e-04 2.057348525799483022e-03 9.115643859963494825e-04 1.919020190806328964e+10 5.616190809193670654e+10 1.031345592350880302e+01
5.623413251903997070e+12 1.581047935998563858e+00 -4.580878778173841370e-01 -1.972970433196489015e+00 3.508582974038870761e-01 1.431063370268684605e-16 8.047460720683317264e-04 1.852996309190052667e-03 8.138057651216114860e-04 1.867191860397940826e+10 5.668019139602059174e+10 1.071091104863742594e+01
6.309573444802510742e+12 1.550045667928608761e+00 -4.382843936768718307e-01 -1.962824348795574769e+00 3.509096271425819480e-01 1.148131846320353421e-16 7.244222208674979671e-04 1.668043806803141136e-03 7.257797622217819662e-04 1.814829838125438690e+10 5.720381161874561310e+10 1.112751996000585208e+01
7.079457843842039062e+12 1.519354989997417915e+00 -4.182858961108929519e-01 -1.952598848538808385e+00 3.507428294841905547e-01 9.205471031393911831e-17 6.516974409946229988e-04 1.500588812776585800e-03 6.465639467322890910e-04 1.761959837752526093e+10 5.773251162247473907e+10 1.156457042760062492e+01
7.943282347243568359e+12 1.488976821188082944e+00 -3.980891868836532455e-01 -1.942294091980417914e+00 3.503404614522656058e-01 7.375634640413132329e-17 5.858674843891180156e-04 1.349009736024305061e-03 5.753239830122671610e-04 1.708612536593990517e+10 5.826598463406009674e+10 1.202345199774855189e+01
8.912509381338316406e+12 1.458912989804235893e+00 -3.776916308906312914e-01 -1.931743109399048919e+00 3.496842315929093448e-01 5.906033680822201790e-17 5.263758058682793759e-04 1.212025083905027929e-03 5.112981125140340964e-04 1.654818161211134529e+10 5.880392838788865662e+10 1.250571720082115590e+01
1.000000000000098242e+13 1.429165913118666920e+00 -3.570909965599030067e-01 -1.921001459352838392e+00 3.487550547913157994e-01 4.725910968601603218e-17 4.725910968602067743e-04 1.088181214712017394e-03 4.537929550486081856e-04 1.600608168516529274e+10 5.934602831483470917e+10 1.301309949217483641e+01
1.122018454302075391e+13 1.399737007249773457e+00 -3.362843670103751736e-01 -1.910164244027256819e+00 3.475330543968845887e-01 3.778342620014887211e-17 4.239370146332757552e-04 9.761510502629794058e-04 4.021846484242335069e-04 1.546022150834190941e+10 5.989188849165808868e+10 1.354746913426755484e+01
1.258925411794294922e+13 1.370627134193083130e+00 -3.152683972836201054e-01 -1.899279923609984211e+00 3.459975998216275328e-01 3.017825621434513650e-17 3.799217363187819036e-04 8.748021265520417858e-04 3.559108190038581939e-04 1.491107897834454346e+10 6.044103102165545654e+10 1.411084224782265117e+01
1.412537544622899805e+13 1.341837574071589545e+00 -2.940399984908978470e-01 -1.888173228701517825e+00 3.441274234621604644e-01 2.408244501693263298e-17 3.401735775273401164e-04 7.832786086449076849e-04 3.144588006239346523e-04 1.435914871083980179e+10 6.099296128916020203e+10 1.470546455786047524e+01
1.584893192461279492e+13 1.313370713210472385e+00 -2.725968960720875356e-01 -1.876812091197138654e+00 3.419008103381159791e-01 1.919980054968707188e-17 3.042963318781337139e-04 7.006681976353595692e-04 2.773601304669281011e-04 1.380492503603547478e+10 6.154718496396452332e+10 1.533387748586279642e+01
1.778279410039111719e+13 1.285228138289054023e+00 -2.509362421134625487e-01 -1.865338096154870229e+00 3.392956251582363025e-01 1.528934572650183467e-17 2.718872869840769724e-04 6.260436139841297695e-04 2.441923351764410275e-04 1.324898385475026512e+10 6.210312614524973297e+10 1.599887053343952026e+01
1.995262314969094922e+13 1.257410701880677939e+00 -2.290546080493238434e-01 -1.853819009838097998e+00 3.362894369940546691e-01 1.215935658842935443e-17 2.426110597516427055e-04 5.586326095796202750e-04 2.145754295873473821e-04 1.269200908916489029e+10 6.266010091083511353e+10 1.670346878351324449e+01
2.238721138568585156e+13 1.229919175565296063e+00 -2.069484563027453317e-01 -1.842133765290813630e+00 3.328597529572324132e-01 9.657480577346163855e-18 2.162040591382040236e-04 4.978282436164316793e-04 1.881639082574462025e-04 1.213472978762298393e+10 6.321738021237701416e+10 1.745103642465793925e+01
2.511886431509859375e+13 1.202755647124923222e+00 -1.846152967640575793e-01 -1.830139079012676806e+00 3.289844658065616545e-01 7.660441366754338280e-18 1.924215872852706461e-04 4.430670784533168190e-04 1.646415252057025890e-04 1.157787158887894249e+10 6.377423841112105560e+10 1.824540633510756038e+01
2.818382931264771875e+13 1.175921925021302439e+00 -1.620524569844942753e-01 -1.818001864463417938e+00 3.246419974181977142e-01 6.066883574428705949e-18 1.709880111214047242e-04 3.937144454888466365e-04 1.437219871071485989e-04 1.102222852498550987e+10 6.432988147501448822e+10 1.909086451889187330e+01
3.162277660168741406e+13 1.149418831733846957e+00 -1.392564509261824679e-01 -1.805796945060493597e+00 3.198114872374274165e-01 4.796411154989348800e-18 1.516758384440696937e-04 3.492465245686880715e-04 1.251479628557102962e-04 1.046871538611219406e+10 6.488339461388780212e+10 1.999211486931196546e+01
3.548133892336166406e+13 1.123246780097517439e+00 -1.162234023693362317e-01 -1.793498771606791165e+00 3.144732108941778459e-01 3.784910295388591860e-18 1.342936849852035511e-04 3.092226371301680160e-04 1.086862338132389618e-04 9.918320935708633423e+09 6.543378906429136658e+10 2.095439630617165250e+01
3.981071705535441406e+13 1.097407311415012909e+00 -9.295040810916486984e-02 -1.780871468003964342e+00 3.086093484698371747e-01 2.981279821490891186e-18 1.186868874362113848e-04 2.732866577444826575e-04 9.412350144137275186e-05 9.372036660777130127e+09 6.598007333922286987e+10 2.198369255439095227e+01
4.466835921510164844e+13 1.071902387536799006e+00 -6.943500210048463017e-02 -1.768032062653559056e+00 3.022044413420759690e-01 2.343389153115792197e-18 1.046753484721490415e-04 2.410238969959274723e-04 8.126573757286255622e-05 8.830889665354461670e+09 6.652122033464553833e+10 2.308682297460727995e+01
5.011872336273329688e+13 1.046732813107112747e+00 -4.567370649128611043e-02 -1.755105281829405950e+00 2.952455670952169320e-01 1.837638908007013250e-18 9.210011607099880286e-05 2.120683543281031975e-04 6.993843128976183216e-05 8.296021235479512215e+09 6.705608876452048492e+10 2.427139311157937485e+01
5.623413251904180469e+13 1.021898796273494225e+00 -2.166246170549038924e-02 -1.742152188283396130e+00 2.877230008314080600e-01 1.437298085909443830e-18 8.082521103239679781e-05 1.861069260612947698e-04 5.998404928002692499e-05 7.768667317294447899e+09 6.758344268270555115e+10 2.554591170088417940e+01
6.309573444802717188e+13 9.974011738222609003e-01 2.602208988653000998e-03 -1.728892908765664371e+00 2.796312362303535748e-01 1.121274619263569147e-18 7.074764562036693378e-05 1.629024741698824016e-04 5.125881427424753298e-05 7.250066997444653511e+09 6.810204300255534363e+10 2.692012970594301180e+01
7.079457843842270312e+13 9.732418577089420042e-01 2.712265861036742415e-02 -1.715328633315662765e+00 2.709699684324405333e-01 8.722829280223035719e-19 6.175290216837199129e-05 1.421913119820130398e-04 4.363146962045018286e-05 6.741446366431596756e+09 6.861066363356840515e+10 2.840534398336221145e+01
7.943282347243828125e+13 9.494217084232886572e-01 5.190220771313257264e-02 -1.701658795623586906e+00 2.617441660076569865e-01 6.764099978287653685e-19 5.372915595252467758e-05 1.237159535554356387e-04 3.698378798201399097e-05 6.244109329209944725e+09 6.910800067079005432e+10 3.001439104062894359e+01
8.912509381338607812e+13 9.259408056001271481e-01 7.694497121711287024e-02 -1.687989943553975358e+00 2.519648300069296520e-01 5.226623975130378051e-19 4.658233521107877945e-05 1.072597906538816511e-04 3.120939437678108176e-05 5.759443169111830711e+09 6.959266683088816833e+10 3.176178387711280493e+01
1.000000000000130938e+14 9.027992613801881783e-01 1.022550521824359820e-01 -1.674094231055354154e+00 2.416500472717461045e-01 4.023867875468337058e-19 4.023867875468864079e-05 9.265298186232228848e-05 2.621157506387600462e-05 5.288822241845212936e+09 7.006328775815478516e+10 3.366425132607901816e+01
1.122018454302112188e+14 8.799986413098278559e-01 1.278349154771815654e-01 -1.659798262454547757e+00 2.308264608093380799e-01 3.086028530835217161e-19 3.462580962099948227e-05 7.972887306616322184e-05 2.190202869066388346e-05 4.833546619887014389e+09 7.051856338011299133e+10 3.574142679264554090e+01
1.258925411794336094e+14 8.575399372323075919e-01 1.536875269947330924e-01 -1.645370286367844326e+00 2.195291420776804836e-01 2.356443033454528874e-19 2.966586016261637415e-05 6.830816738128638640e-05 1.820110267947765986e-05 4.394916233211145401e+09 7.095719376678884888e+10 3.801608880182768502e+01
1.412537544622946250e+14 8.354230877514864373e-01 1.798169905383379119e-01 -1.630922551206853921e+00 2.078018599074172301e-01 1.790694974274263048e-19 2.529423882130017419e-05 5.824213724855706531e-05 1.503734506373158796e-05 3.974255999980967522e+09 7.137785400001902771e+10 4.051441864504646162e+01
1.584893192461331250e+14 8.136476160922524459e-01 2.062279107731844474e-01 -1.616369095321699367e+00 1.956977748063608025e-01 1.353786904750603218e-19 2.145607649382527736e-05 4.940444188882203903e-05 1.234618058529712120e-05 3.572831077056931973e+09 7.177927892294306946e+10 4.326690117645943445e+01
1.778279410039170000e+14 7.922144324444524432e-01 2.329231757774214984e-01 -1.601365176112144129e+00 1.832807403437841098e-01 1.018041155652545384e-19 1.810361625669403368e-05 4.168511692194835157e-05 1.006894161502787176e-05 3.191759705171129704e+09 7.216035029482887268e+10 4.630970976158695152e+01
1.995262314969160312e+14 7.711246435651926134e-01 2.599052536794567714e-01 -1.586144212245938157e+00 1.706247564595263499e-01 7.610116863540309109e-20 1.518417939033328228e-05 3.496286511352883681e-05 8.152742064140950526e-06 2.832040024391755581e+09 7.252006997560824585e+10 4.968577853129759347e+01
2.238721138568658125e+14 7.503780290106606410e-01 2.871781607557275517e-01 -1.570877599994942475e+00 1.578127210004564018e-01 5.651394203939864948e-20 1.265189566674456917e-05 2.913206636036201096e-05 6.550368777293685515e-06 2.494593374503003597e+09 7.285751662549699402e+10 5.344553347011849098e+01
2.511886431509941875e+14 7.299737091194197225e-01 3.147467603931570213e-01 -1.555635171569603958e+00 1.449360750675559861e-01 4.166751190522427458e-20 1.046640577895118228e-05 2.409978992383972902e-05 5.219572370188647267e-06 2.180207104295353889e+09 7.317190289570465088e+10 5.764854609878650393e+01
2.818382931264864375e+14 7.099117082936604595e-01 3.426146711954111135e-01 -1.539957622931715120e+00 1.320947031894789958e-01 3.049264039142546840e-20 8.593993720839110956e-06 1.978840183088857166e-05 4.122367576320444240e-06 1.889439031122555971e+09 7.346267096887744141e+10 6.236646026184237002e+01
3.162277660168845000e+14 6.901930596459793232e-01 3.707839239382217933e-01 -1.523921678387713641e+00 1.193954860540539370e-01 2.213306081831910352e-20 6.999088377692887473e-06 1.611599656302352366e-05 3.224757616472645668e-06 1.622602656473072290e+09 7.372950734352693176e+10 6.768633113587020489e+01
3.548133892336283125e+14 6.708174586397377404e-01 3.992582227770499204e-01 -1.507821944126108704e+00 1.069487109110901640e-01 1.591990129193260994e-20 5.648594133655427539e-06 1.300636864852860476e-05 2.496698486183845507e-06 1.379823673171394348e+09 7.397228632682861328e+10 7.371309290653576340e+01
3.981071705535571875e+14 6.517837488870031892e-01 4.280424455574914355e-01 -1.491831202919642774e+00 9.486581751436122534e-02 1.133714946967615998e-20 4.513400497515537563e-06 1.039248870429118676e-05 1.911727052363353133e-06 1.161019722799355030e+09 7.419109027720063782e+10 8.057334085592536610e+01
4.466835921510310625e+14 6.330909826211824631e-01 4.571411347475455855e-01 -1.475514748585351033e+00 8.325709917518574199e-02 7.988930994084291202e-21 3.568524393884278768e-06 8.216831073343553387e-06 1.446494057922486619e-06 9.658285254739938974e+08 7.438628147452600098e+10 8.842215910259979239e+01
5.011872336273493750e+14 6.147398107501780284e-01 4.865561726467368397e-01 -1.458672034742397816e+00 7.222913997899178817e-02 5.566108521669905147e-21 2.789662532045354995e-06 6.423435360771659437e-06 1.080487397069607887e-06 7.935868400042808056e+08 7.455852315999571228e+10 9.745260023414087414e+01
5.623413251904365000e+14 5.967299530137682995e-01 5.162906079365776613e-01 -1.441743193259520606e+00 6.187952547458711039e-02 3.829395078284067452e-21 2.153427102999997624e-06 4.958449146217148767e-06 7.959402843948888678e-07 6.433947234387218952e+08 7.470871527656127930e+10 1.079045699037660597e+02
6.309573444802923750e+14 5.790599939275307140e-01 5.463491903218079537e-01 -1.424922392729871312e+00 5.229306854592394999e-02 2.598305733219388061e-21 1.639420085580024064e-06 3.774904250211586308e-06 5.776064494841714226e-07 5.141411128098722100e+08 7.483796888719012451e+10 1.200759382206054369e+02
7.079457843842502500e+14 5.617281229251825936e-01 5.767373131785131779e-01 -1.407977629636269601e+00 4.353875091428162369e-02 1.736877938322424842e-21 1.229615414425368573e-06 2.831294123371549590e-06 4.124514901445937875e-07 4.044859553005311489e+08 7.494762404469946289e+10 1.343411436063757662e+02
7.943282347244088750e+14 5.447342393767330426e-01 6.074572374222325655e-01 -1.390383450988005309e+00 3.566753468951264910e-02 1.142719631130185626e-21 9.076944673805680402e-07 2.090043749583666357e-06 2.894180433207138865e-07 3.128713677731223106e+08 7.503923863222688293e+10 1.511789990787648321e+02
8.912509381338898750e+14 5.280781441031047185e-01 6.385110060315498659e-01 -1.372605152139057871e+00 2.870871327330380002e-02 7.386706308594590065e-22 6.583408927254450841e-07 1.515885925698002204e-06 1.992698014386725431e-07 2.375909798859755695e+08 7.511451902011402893e+10 1.712062062964259326e+02
