# [1] m:            [M_sun/h] 
# [2] sigma 
# [3] ln(1/sigma) 
# [4] n_eff 
# [5] f(sigma) 
# [6] dn/dm:        [h^4/(Mpc^3*M_sun)] 
# [7] dn/dlnm:      [h^3/Mpc^3] 
# [8] dn/dlog10m:   [h^3/Mpc^3] 
# [9] n(>m):        [h^3/Mpc^3] 
# [11] rho(>m):     [M_sun*h^2/Mpc^3] 
# [11] rho(<m):     [M_sun*h^2/Mpc^3] 
# [12] Lbox(N=1):   [Mpc/h]
1.000000000000000000e+10 2.311262736526989325e+00 -8.377940143700990383e-01 -2.361242218390441128e+00 nan nan nan nan nan nan nan nan
1.122018454301965332e+10 2.283002055131755359e+00 -8.254912677363708262e-01 -2.356394020342361451e+00 nan nan nan nan nan nan nan nan
1.258925411794171333e+10 2.254875518914738475e+00 -8.130947691758362295e-01 -2.351505963623462314e+00 nan nan nan nan nan nan nan nan
1.412537544622761154e+10 2.226884145498817080e+00 -8.006033642452269339e-01 -2.346529688066314456e+00 nan nan nan nan nan nan nan nan
1.584893192461123848e+10 2.199029290941920678e+00 -7.880160316030211387e-01 -2.341474016061691366e+00 nan nan nan nan nan nan nan nan
1.778279410038937378e+10 2.171311915040857965e+00 -7.753315540173203457e-01 -2.336369787180621493e+00 nan nan nan nan nan nan nan nan
1.995262314968899155e+10 2.143732716780586856e+00 -7.625485697564472476e-01 -2.331230172041795168e+00 nan nan nan nan nan nan nan nan
2.238721138568365097e+10 2.116292553606547777e+00 -7.496657622874024485e-01 -2.326009928735548904e+00 nan nan nan nan nan nan nan nan
2.511886431509613037e+10 2.088992811281281003e+00 -7.366820413436542259e-01 -2.320692310577221917e+00 nan nan nan nan nan nan nan nan
2.818382931264495468e+10 2.061834612508273157e+00 -7.235961750590139685e-01 -2.315317312196524036e+00 nan nan nan nan nan nan nan nan
3.162277660168431091e+10 2.034818736872013645e+00 -7.104067421371764723e-01 -2.309902960356768453e+00 nan nan nan nan nan nan nan nan
3.548133892335818481e+10 2.007945924788006931e+00 -6.971122715804161096e-01 -2.304421799754767353e+00 nan nan nan nan nan nan nan nan
3.981071705535050964e+10 1.981217491916614115e+00 -6.837115506434118251e-01 -2.298830311591653519e+00 nan nan nan nan nan nan nan nan
4.466835921509725952e+10 1.954634741070818471e+00 -6.702033427699727319e-01 -2.293167586774802480e+00 nan nan nan nan nan nan nan nan
5.011872336272837830e+10 1.928198543816995514e+00 -6.565861700445571048e-01 -2.287456520659270076e+00 nan nan nan nan nan nan nan nan
5.623413251903628540e+10 1.901909602910257124e+00 -6.428584356069105832e-01 -2.281693329055031860e+00 nan nan nan nan nan nan nan nan
6.309573444802097321e+10 1.875769082920073272e+00 -6.290187528799286998e-01 -2.275816282555898518e+00 nan nan nan nan nan nan nan nan
7.079457843841575623e+10 1.849778430282737807e+00 -6.150658645028076466e-01 -2.269846482924974485e+00 nan nan nan nan nan nan nan nan
7.943282347243049622e+10 1.823938634588582408e+00 -6.009982477685273938e-01 -2.263819168787725378e+00 nan nan nan nan nan nan nan nan
8.912509381337731934e+10 1.798250434743205783e+00 -5.868142115243460966e-01 -2.257748934562117782e+00 nan nan nan nan nan nan nan nan
1.000000000000032654e+11 1.772714810741856217e+00 -5.725121629086938890e-01 -2.251571783921746839e+00 nan nan nan nan nan nan nan nan
1.122018454302001953e+11 1.747333269184872417e+00 -5.580907795208984723e-01 -2.245277647506623175e+00 nan nan nan nan nan nan nan nan
1.258925411794212494e+11 1.722106959000236914e+00 -5.435485173171472617e-01 -2.238916054641925779e+00 nan nan nan nan nan nan nan nan
1.412537544622807312e+11 1.697036695692593966e+00 -5.288836098795779428e-01 -2.232509641017609514e+00 nan nan nan nan nan nan nan nan
1.584893192461175842e+11 1.672123303574367892e+00 -5.140942581003142831e-01 -2.226013176835671903e+00 nan nan nan nan nan nan nan nan
1.778279410038995667e+11 1.647368237373988631e+00 -4.991790068814431214e-01 -2.219379298806380962e+00 nan nan nan nan nan nan nan nan
1.995262314968964539e+11 1.622772833803095782e+00 -4.841363118865785187e-01 -2.212663680638319974e+00 nan nan nan nan nan nan nan nan
2.238721138568438416e+11 1.598337992430748589e+00 -4.689643346353573605e-01 -2.205892214620130964e+00 nan nan nan nan nan nan nan nan
2.511886431509695129e+11 1.574064460891460460e+00 -4.536611027090268200e-01 -2.199051416742817011e+00 3.123667379671800082e-01 4.979819337557765218e-14 1.250874062538094925e-02 2.880243969613119348e-02 1.283857154639979868e-02 1.617399967241400528e+10 5.917811032758599854e+10 4.270654435428050455e+00
2.818382931264587402e+11 1.549953541830942472e+00 -4.382249574696603367e-01 -2.192064598518336904e+00 3.121580516541744843e-01 3.987450887670104736e-14 1.123816352106525064e-02 2.587682779623432308e-02 1.147158985909066571e-02 1.581080150430583763e+10 5.954130849569416046e+10 4.433963661531849176e+00
3.162277660168534546e+11 1.526006739236076548e+00 -4.226543491277930387e-01 -2.184970324783294338e+00 3.118290426626872947e-01 3.191788830308660719e-14 1.009332251406053552e-02 2.324073395965697494e-02 1.024365081519338846e-02 1.544474034534903145e+10 5.990736965465097046e+10 4.604492232908181215e+00
3.548133892335934448e+11 1.502225054438093954e+00 -4.069473786276236460e-01 -2.177808719088067058e+00 3.113721861568741200e-01 2.553858613881336054e-14 9.061432304146438410e-03 2.086471894470227906e-02 9.141014492584411885e-03 1.507592916972826958e+10 6.027618083027172852e+10 4.782649276695054574e+00
3.981071705535180664e+11 1.478609243452161603e+00 -3.911019456106779590e-01 -2.170594329757697949e+00 3.107796413666458757e-01 2.042507823850820456e-14 8.131370105866736128e-03 1.872317159138616252e-02 8.151317229182204402e-03 1.470450640697299767e+10 6.064760359302700043e+10 4.968867335625762216e+00
4.466835921509872437e+11 1.455160398944764122e+00 -3.751161343720730845e-01 -2.163238674851545085e+00 3.100432673501574143e-01 1.632931893527910081e-14 7.294038839389603048e-03 1.679514509929809149e-02 7.263359311915101868e-03 1.433060779173084259e+10 6.102150220826915741e+10 5.163618606332887495e+00
5.011872336273001709e+11 1.431880110250962179e+00 -3.589883431417945081e-01 -2.155743601142432020e+00 3.091546468952449667e-01 1.304951308536383088e-14 6.540249363436752630e-03 1.505948068871326533e-02 6.466993667214821460e-03 1.395436441148355675e+10 6.139774558851644135e+10 5.367423394606136711e+00
5.623413251903812256e+11 1.408769520389594243e+00 -3.427166428079469473e-01 -2.148169567832409310e+00 3.081050691796430319e-01 1.042308219742618525e-14 5.861329855468912046e-03 1.349621075032366238e-02 5.753101381238901607e-03 1.357593699886791801e+10 6.177617300113208008e+10 5.580836820478737970e+00
6.309573444802304688e+11 1.385829444293279034e+00 -3.262988371302374402e-01 -2.140545856440082328e+00 3.068855357320515176e-01 8.320382593425093682e-15 5.249806506207030377e-03 1.208812620229546275e-02 5.113492957423425994e-03 1.319552277269972229e+10 6.215658722730027771e+10 5.804446054355680396e+00
7.079457843841807861e+11 1.363060770763606211e+00 -3.097327377539281223e-01 -2.132800666107843135e+00 3.054867923874658442e-01 6.638279613167567954e-15 4.699542067705429933e-03 1.082109550899693767e-02 4.540762414641118586e-03 1.281332674879084396e+10 6.253878325120915222e+10 6.038889371184110288e+00
7.943282347243309326e+11 1.340465056294410484e+00 -2.930166106886192834e-01 -2.124885408527031228e+00 3.038994000955238528e-01 5.293451465748820487e-15 4.204737958387183040e-03 9.681766942928547379e-03 4.028190853342984018e-03 1.242954550397080040e+10 6.292256449602919769e+10 6.284875133913995882e+00
8.912509381338023682e+11 1.318043624655208967e+00 -2.761485346639693250e-01 -2.116876485201855118e+00 3.021137203854262210e-01 4.218286425117221586e-15 3.759551733702807142e-03 8.656687778364004909e-03 3.569729485310672509e-03 1.204440095526112366e+10 6.330770904473887634e+10 6.543170409902982598e+00
1.000000000000065430e+12 1.295797361397585057e+00 -2.591262287587534074e-01 -2.108806190309739037e+00 3.001199238098590238e-01 3.359008912897125916e-15 3.359008912897345524e-03 7.734403850071563426e-03 3.159952194599785231e-03 1.165815883141936493e+10 6.369395116858063507e+10 6.814591531008556302e+00
1.122018454302038818e+12 1.273727022526915942e+00 -2.419472661590491291e-01 -2.100643271054760675e+00 2.979080448074742926e-01 2.672750300689216176e-15 2.998875161114623617e-03 6.905165241732649957e-03 2.793962967304681327e-03 1.127110566438683891e+10 6.408100433561315918e+10 7.100023478456610526e+00
1.258925411794253662e+12 1.251834009258934621e+00 -2.246096834242304885e-01 -2.092293200259695674e+00 2.954681168090614873e-01 2.125202805085038603e-15 2.675471816537985242e-03 6.160501521486065786e-03 2.467321298224215038e-03 1.088352229573621559e+10 6.446858770426378632e+10 7.400449467074012411e+00
1.412537544622853760e+12 1.230119823304809845e+00 -2.071115819605506836e-01 -2.083820321445344792e+00 2.927902010698106849e-01 1.688423390612051846e-15 2.384961430458941174e-03 5.491576637140513709e-03 2.176019344258551744e-03 1.049570554338795090e+10 6.485640445661204529e+10 7.716951120102800488e+00
1.584893192461227539e+12 1.208585425819590276e+00 -1.894506061431669997e-01 -2.075271323865898410e+00 2.898643761805309027e-01 1.340149774293624299e-15 2.123994254156415674e-03 4.890677507225569230e-03 1.916462990649400689e-03 1.010799905171645927e+10 6.524411094828353882e+10 8.050691551386764289e+00
1.778279410039053711e+12 1.187231533349649704e+00 -1.716241541881190769e-01 -2.066657218336124480e+00 2.866808336322457795e-01 1.062634713872267536e-15 1.889661432071794520e-03 4.351106244294295280e-03 1.685418396861405009e-03 9.720781948395311356e+09 6.563132805160469055e+10 8.402930211749975342e+00
1.995262314969029785e+12 1.166059307477553819e+00 -1.536299506806984294e-01 -2.057856871990215719e+00 2.832300720603946886e-01 8.417835121822504780e-16 1.679578919219517491e-03 3.867373381901911909e-03 1.479956406206500664e-03 9.334434273096710205e+09 6.601767572690328979e+10 8.775065341379574946e+00
2.238721138568511719e+12 1.145070353264361795e+00 -1.354660790176098750e-01 -2.048891927815502889e+00 2.795030355502249875e-01 6.661324095187295686e-16 1.491284706275156470e-03 3.433809934079179796e-03 1.297426823306974206e-03 8.949340091794891357e+09 6.640276990820510864e+10 9.168656644290862801e+00
2.511886431509777344e+12 1.124265743006840568e+00 -1.171301496899080780e-01 -2.039837226284765492e+00 2.754910743069997614e-01 5.264978040287801673e-16 1.322502690159586738e-03 3.045174979805987964e-03 1.135452200459845674e-03 8.565928176829959869e+09 6.678618182317004395e+10 9.585403100538595567e+00
2.818382931264679688e+12 1.103646217998421442e+00 -9.861944178674571237e-02 -2.030730595398965388e+00 2.711860843337146609e-01 4.155813715938918715e-16 1.171267444251789143e-03 2.696942957043404511e-03 9.918992520386114148e-04 8.184674384078127861e+09 6.716743561592187500e+10 1.002714924517325734e+01
3.162277660168638184e+12 1.083212676095947069e+00 -7.993132555934562289e-02 -2.021460078550125772e+00 2.665807439421006286e-01 3.276057316209284048e-16 1.035980286448064417e-03 2.385432764211014613e-03 8.648398590072515655e-04 7.806063915657518387e+09 6.754604608434248352e+10 1.049594229196910788e+01
3.548133892336050781e+12 1.062966702148783193e+00 -6.106377445600516540e-02 -2.011980445376550186e+00 2.616688244657223161e-01 2.579061455905624624e-16 9.150855362116305965e-04 2.107062314495363603e-03 7.525274820395926089e-04 7.430575416871923447e+09 6.792153458312807465e+10 1.099408807222351925e+01
3.981071705535311035e+12 1.042909522661733757e+00 -4.201442504756975477e-02 -2.002395340471074370e+00 2.564451507548585196e-01 2.027202474368683969e-16 8.070438412100339404e-04 1.858287118162878053e-03 6.533937462231370445e-04 7.058722579916824341e+09 6.829338742008317566e+10 1.152413513239580034e+01
4.466835921510018555e+12 1.023041921745880156e+00 -2.278046535359825459e-02 -1.992749667171835659e+00 2.509057424912797263e-01 1.590714310806597190e-16 7.105459824370960117e-04 1.636092587046466358e-03 5.660342535929038191e-04 6.691069294776466370e+09 6.866104070522353363e+10 1.208887152772576457e+01
5.011872336273166016e+12 1.003364585969833245e+00 -3.358938414703407146e-03 -1.982980207159383390e+00 2.450480890009153201e-01 1.246019653743801815e-16 6.244891433051229668e-04 1.437939392110998676e-03 4.891834541139674806e-04 6.328196149794118881e+09 6.902391385020588684e+10 1.269139653468621098e+01
5.623413251903997070e+12 9.838789347377666639e-01 1.625242330224560203e-02 -1.972970433196489015e+00 2.388716334128834495e-01 9.742977358746069931e-17 5.478878799217325310e-04 1.261558464939893090e-03 4.216960076876953654e-04 5.970670318535289764e+09 6.938143968146470642e+10 1.333521954720510649e+01
6.309573444802510742e+12 9.645863644186655206e-01 3.605590744275759263e-02 -1.962824348795574769e+00 2.323778170323482772e-01 7.603107794042845439e-17 4.797236703526373196e-04 1.104604572110372447e-03 3.625419317614389709e-04 5.619074111910548210e+09 6.973303588808944702e+10 1.402428035975478160e+01
7.079457843842039062e+12 9.454876952247749378e-01 5.605440500873658249e-02 -1.952598848538808385e+00 2.255701191826652297e-01 5.920232783483583777e-17 4.191203841640364506e-04 9.650603487460481054e-04 3.108003087400286794e-04 5.274031918637894630e+09 7.007807808136210632e+10 1.476293993657808912e+01
7.943282347243568359e+12 9.265834990350905187e-01 7.625111423597628890e-02 -1.942294091980417914e+00 2.184543757210519188e-01 4.599068158553389723e-17 3.653169691760712354e-04 8.411734074425870119e-04 2.656444648353129749e-04 4.936187370287382126e+09 7.041592262971261597e+10 1.555606477899989670e+01
8.912509381338316406e+12 9.078749135946411197e-01 9.664867022899821525e-02 -1.931743109399048919e+00 2.110393351249277294e-01 3.564374108459000872e-17 3.176751768024024271e-04 7.314741265194598090e-04 2.263282764862620049e-04 4.606163672959374428e+09 7.074594632704061890e+10 1.640918688546390669e+01
1.000000000000098242e+13 8.893634431612824631e-01 1.172493045597264444e-01 -1.921001459352838392e+00 2.033368758346108807e-01 2.755377903849948899e-17 2.755377903850219864e-04 6.344492086970697541e-04 1.921801931058489041e-04 4.284569620414820194e+09 7.106754037958517456e+10 1.732861255286663393e+01
1.122018454302075391e+13 8.710499689790478506e-01 1.380559341092544579e-01 -1.910164244027256819e+00 1.953618356904300302e-01 2.123953220491461495e-17 2.383114709465744649e-04 5.487324404910660577e-04 1.626006518761456416e-04 3.972035337064240456e+09 7.138007466293576050e+10 1.832142458220369363e+01
1.258925411794294922e+13 8.529350274638310969e-01 1.590719038360094983e-01 -1.899279923609984211e+00 1.871322961038207333e-01 1.632186576066184528e-17 2.054801157399241732e-04 4.731354514094406050e-04 1.370539545786330889e-04 3.669202795137916565e+09 7.168290720486209106e+10 1.939558171616734583e+01
1.412537544622899805e+13 8.350194152303449524e-01 1.803003026287317290e-01 -1.888173228701517825e+00 1.786700305695397561e-01 1.250354053180461530e-17 1.766172044188819748e-04 4.066761420611997931e-04 1.150586647418671508e-04 3.376680904596930027e+09 7.197542909540307617e+10 2.056017893940084207e+01
1.584893192461279492e+13 8.173046172778876128e-01 2.017434050475420126e-01 -1.876812091197138654e+00 1.700008922782526022e-01 9.546579377169173710e-18 1.513030866616666510e-04 3.483882318711398955e-04 9.618205539355873987e-05 3.095030040549423218e+09 7.225707995945057678e+10 2.182572348808561102e+01
1.778279410039111719e+13 7.997916209897801831e-01 2.234040590061669995e-01 -1.865338096154870229e+00 1.611543590933478820e-01 7.261940705430310640e-18 1.291375963339162281e-04 2.973503042635580783e-04 8.003859199019135965e-05 2.824797525382688999e+09 7.252731247461730957e+10 2.320421353129834685e+01
1.995262314969094922e+13 7.824809569185336988e-01 2.452856930703057325e-01 -1.853819009838097998e+00 1.521635486643546642e-01 5.501840511283802196e-18 1.097761503513486813e-04 2.527689273652885681e-04 6.628561119947025989e-05 2.566519465680722237e+09 7.278559053431927490e+10 2.470928877384994138e+01
2.238721138568585156e+13 7.653731052148408098e-01 2.673918448168842721e-01 -1.842133765290813630e+00 1.430653671692554696e-01 4.150850297919628419e-18 9.292596304986380958e-05 2.139699372707319440e-04 5.461713958356979588e-05 2.320679631492397785e+09 7.303143036850759888e+10 2.635665849998659027e+01
2.511886431509859375e+13 7.484693650959470812e-01 2.897250043555718579e-01 -1.830139079012676806e+00 1.339008573228118171e-01 3.117896961988044051e-18 7.831803073663580255e-05 1.803339300868271047e-04 4.475954289963085964e-05 2.087680288064366341e+09 7.326442971193563843e+10 2.816467769833275270e+01
2.818382931264771875e+13 7.317708619593643604e-01 3.122878441351351619e-01 -1.818001864463417938e+00 1.247144500091221936e-01 2.330653625444459526e-18 6.568674396643023046e-05 1.512493174644188225e-04 3.646996171084974263e-05 1.867866076356088877e+09 7.348424392364390564e+10 3.015469204178668861e+01
3.162277660168741406e+13 7.152781076302880958e-01 3.350838501934471081e-01 -1.805796945060493597e+00 1.155533510952046483e-01 1.733025248645845090e-18 5.480307028301134131e-05 1.261887326839669155e-04 2.953401045714013374e-05 1.661535500096420050e+09 7.369057449990357971e+10 3.235135871775773353e+01
3.548133892336166406e+13 6.989913590140354183e-01 3.581168987502933998e-01 -1.793498771606791165e+00 1.064672484526200252e-01 1.281409579036028366e-18 4.546612757341951500e-05 1.046896275867213337e-04 2.376205145037295089e-05 1.468911343559418201e+09 7.388319865644058228e+10 3.478339933045484145e+01
3.981071705535441406e+13 6.829115752562611164e-01 3.813898930104644980e-01 -1.780871468003964342e+00 9.750823860985581570e-02 9.419654512672501075e-19 3.750032005631972765e-05 8.634767794418744715e-05 1.898611881210025170e-05 1.290109065229721785e+09 7.406200093477027893e+10 3.748474854871032136e+01
4.466835921510164844e+13 6.670399772075806810e-01 4.049052990191450152e-01 -1.768032062653559056e+00 8.872982575489998802e-02 6.880392303583825850e-19 3.073358349573030156e-05 7.076669121155643627e-05 1.505825958320667088e-05 1.125144191266600132e+09 7.422696580873339844e+10 4.049565303697636409e+01
5.011872336273329688e+13 6.513770655944408627e-01 4.286665946283435003e-01 -1.755105281829405950e+00 8.018547864722556928e-02 4.990827021351556903e-19 2.501338788343728951e-05 5.759545406568059007e-05 1.184920595127575928e-05 9.739531259473296404e+08 7.437815687405267334e+10 4.386353046257981703e+01
5.623413251904180469e+13 6.359229699461084184e-01 4.526778394141392492e-01 -1.742152188283396130e+00 7.192782204254291600e-02 3.593098940531305503e-19 2.020548019758661349e-05 4.652483749974932372e-05 9.246198662140023123e-06 8.363807632809140682e+08 7.451572923671908569e+10 4.764444363589398534e+01
6.309573444802717188e+13 6.206782109909003697e-01 4.769425101082824248e-01 -1.728892908765664371e+00 6.400793174655200479e-02 2.566611308038591321e-19 1.619422255233066087e-05 3.728857544162457336e-05 7.150863338605684675e-06 7.121549149959706068e+08 7.463995508500402832e+10 5.190555517805120189e+01
7.079457843842270312e+13 6.056439785300404832e-01 5.014629597299968822e-01 -1.715328633315662765e+00 5.647423437677474845e-02 1.817969378856572832e-19 1.287023757901122497e-05 2.963481719272302405e-05 5.477778522747001855e-06 6.008865538892581463e+08 7.475122344611074829e+10 5.672813558477783147e+01
7.943282347243828125e+13 5.908208080423845709e-01 5.262425088327620237e-01 -1.701658795623586906e+00 4.937055031374128905e-02 1.275853989026283691e-19 1.013446846869309962e-05 2.333547602143092777e-05 4.153521192393158735e-06 5.020968754464038610e+08 7.485001312455358887e+10 6.221014158601312971e+01
8.912509381338607812e+13 5.762087490843226245e-01 5.512852723367422936e-01 -1.687989943553975358e+00 4.273497222723271483e-02 8.864714587874918788e-20 7.900685192732443025e-06 1.819199994922451305e-05 3.115334293126776949e-06 4.152227142068194747e+08 7.493688728579318237e+10 6.846970363665367643e+01
1.000000000000130938e+14 5.618078714405209118e-01 5.765953533020656829e-01 -1.674094231055354154e+00 3.659893886848730737e-02 6.094320942694654244e-20 6.094320942695452361e-06 1.403269255457196939e-05 2.309716980531868361e-06 3.396068902671915293e+08 7.501250310973280334e+10 7.565083819362783402e+01
1.122018454302112188e+14 5.476191493433516522e-01 6.021752165968111692e-01 -1.659798262454547757e+00 3.098649252794682951e-02 4.142731282907045047e-20 4.648220950636368865e-06 1.070292426987791523e-05 1.691326559920623491e-06 2.745029625162548423e+08 7.507760703748374939e+10 8.393134389668908568e+01
1.258925411794336094e+14 5.336432000123622066e-01 6.280278281143626407e-01 -1.645370286367844326e+00 2.591279963600941205e-02 2.781500241911873598e-20 3.501701337454951086e-06 8.062965299741083674e-06 1.222179320680150593e-06 2.191040863761026859e+08 7.513300591362390137e+10 9.353088052800417529e+01
1.412537544622946250e+14 5.198799852410135314e-01 6.541572916579674324e-01 -1.630922551206853921e+00 2.138346903558016252e-02 1.842681800423864686e-20 2.602857225892115688e-06 5.993300247531021487e-06 8.707726819983496581e-07 1.725630025608639717e+08 7.517954699743913269e+10 1.047205066515266338e+02
1.584893192461331250e+14 5.063292083343232663e-01 6.805682118928141344e-01 -1.616369095321699367e+00 1.739445461939350540e-02 1.203303660571216947e-20 1.907107780103122214e-06 4.391277945198416338e-06 6.111582271801148348e-07 1.339993322173988521e+08 7.521811066778260803e+10 1.178371180832022560e+02
1.778279410039170000e+14 4.929914356992907143e-01 7.072634768970509356e-01 -1.601365176112144129e+00 1.393242361115071964e-02 7.738827662705764281e-21 1.376179789043121502e-06 3.168771067530382198e-06 4.221570018618956655e-07 1.025126650522298068e+08 7.524959733494776917e+10 1.333036377275543032e+02
1.995262314969160312e+14 4.798673560658257564e-01 7.342455547990862641e-01 -1.586144212245938157e+00 1.097490553672982733e-02 4.894970427145565810e-21 9.766750026172041720e-07 2.248877301726295079e-06 2.867157926304792842e-07 7.720751386312709749e+07 7.527490248613687134e+10 1.516524607436210772e+02
2.238721138568658125e+14 4.669568322527473114e-01 7.615184618753571000e-01 -1.570877599994942475e+00 8.490972394394459208e-03 3.040682137110827120e-21 6.807239376018131085e-07 1.567424791166143876e-06 1.913082403081686968e-07 5.721719600256664306e+07 7.529489280399743652e+10 1.735489968368899838e+02
2.511886431509941875e+14 4.542593168507468859e-01 7.890870615127866250e-01 -1.555635171569603958e+00 6.442686757493340174e-03 1.852200889560154518e-21 4.652518282916796343e-07 1.071281924312646941e-06 1.253405724211992228e-07 4.171728214480918646e+07 7.531039271785519409e+10 1.998186906036919481e+02
2.818382931264864375e+14 4.417748250451966618e-01 8.169549723150404397e-01 -1.539957622931715120e+00 4.786854065574028955e-03 1.104993736337851037e-21 3.114295485649187029e-07 7.170930360434470984e-07 8.063119841229706507e-08 2.993732888751786202e+07 7.532217267111248779e+10 2.314722652355439152e+02
3.162277660168845000e+14 4.295039997373633067e-01 8.451242250578512305e-01 -1.523921678387713641e+00 3.476770766322551977e-03 6.445099506319078914e-22 2.038119418639807497e-07 4.692943391101711987e-07 5.097151403345672808e-08 2.117462444370403141e+07 7.533093537555628967e+10 2.697061328854477438e+02
3.548133892336283125e+14 4.174466514154827612e-01 8.735985238966794686e-01 -1.507821944126108704e+00 2.464004493451553163e-03 3.667805622382633856e-22 1.301386543927739823e-07 2.996553256271054548e-07 3.174777241502489645e-08 1.480648388998307288e+07 7.533730351611001587e+10 3.158122078808744391e+02
3.981071705535571875e+14 4.056020604646077277e-01 9.023827466771209282e-01 -1.491831202919642774e+00 1.700454923507941892e-03 2.032166289120719409e-22 8.090199714561716070e-08 1.862837326209449342e-07 1.959929595882369098e-08 1.029441860494460166e+07 7.534181558139505005e+10 3.708968768295023892e+02
4.466835921510310625e+14 3.939696370939007042e-01 9.314814358671751338e-01 -1.475514748585351033e+00 nan nan nan nan nan nan nan nan
5.011872336273493750e+14 3.825497863603870008e-01 9.608964737663665545e-01 -1.458672034742397816e+00 nan nan nan nan nan nan nan nan
5.623413251904365000e+14 3.713423338594062928e-01 9.906309090562072095e-01 -1.441743193259520606e+00 nan nan nan nan nan nan nan nan
6.309573444802923750e+14 3.603463987414446401e-01 1.020689491441437502e+00 -1.424922392729871312e+00 nan nan nan nan nan nan nan nan
7.079457843842502500e+14 3.495608542993448586e-01 1.051077614298142615e+00 -1.407977629636269601e+00 nan nan nan nan nan nan nan nan
7.943282347244088750e+14 3.389856379115215868e-01 1.081797538541862114e+00 -1.390383450988005309e+00 nan nan nan nan nan nan nan nan
8.912509381338898750e+14 3.286206256297414807e-01 1.112851307151179414e+00 -1.372605152139057871e+00 nan nan nan nan nan nan nan nan
