# [1] m:            [M_sun/h] 
# [2] sigma 
# [3] ln(1/sigma) 
# [4] n_eff 
# [5] f(sigma) 
# [6] dn/dm:        [h^4/(Mpc^3*M_sun)] 
# [7] dn/dlnm:      [h^3/Mpc^3] 
# [8] dn/dlog10m:   [h^3/Mpc^3] 
# [9] n(>m):        [h^3/Mpc^3] 
# [11] rho(>m):     [M_sun*h^2/Mpc^3] 
# [11] rho(<m):     [M_sun*h^2/Mpc^3] 
# [12] Lbox(N=1):   [Mpc/h]
1.000000000000000000e+10 1.599085871102869483e+00 -4.694321354135332358e-01 -2.361242218390441128e+00 nan nan nan nan nan nan nan nan
1.122018454301965332e+10 1.579533244907387557e+00 -4.571293887798049682e-01 -2.356394020342361451e+00 2.806331684184172892e-01 1.801786121975432916e-11 2.021637279561607492e-01 4.654991863359593807e-01 2.088396091345809669e-01 1.433895176958262634e+10 6.101315823041737366e+10 1.685501109603150471e+00
1.258925411794171333e+10 1.560073429302313075e+00 -4.447328902192702049e-01 -2.351505963623462314e+00 2.803645231864262954e-01 1.440698858449883423e-11 1.813732403645411939e-01 4.176273195314185172e-01 1.867614464878959157e-01 1.407693668889534950e+10 6.127517331110465240e+10 1.749460966327912370e+00
1.412537544622761154e+10 1.540707128347094335e+00 -4.322414852886610204e-01 -2.346529688066314456e+00 2.800261193960504325e-01 1.151777449397251489e-11 1.626928890323460219e-01 3.746142210220144708e-01 1.669554079740595554e-01 1.381320711460514450e+10 6.153890288539485168e+10 1.816072447619260011e+00
1.584893192461123848e+10 1.521435280253143008e+00 -4.196541526464552252e-01 -2.341474016061691366e+00 2.796144407164048440e-01 9.206121032334664352e-12 1.459071855312038257e-01 3.359637103648664969e-01 1.491909596893870593e-01 1.354780130225152206e+10 6.180430869774847412e+10 1.885467991893966744e+00
1.778279410038937378e+10 1.502258549071971538e+00 -4.069696750607543212e-01 -2.336369787180621493e+00 2.791258446822954542e-01 7.356485233749102627e-12 1.308188622143150737e-01 3.012215620171239672e-01 1.332613278798368828e-01 1.328077062748499680e+10 6.207133937251499939e+10 1.957786312273519513e+00
1.995262314968899155e+10 1.483177418408041293e+00 -3.941866907998812231e-01 -2.331230172041795168e+00 2.785565604056337019e-01 5.876709594859978513e-12 1.172557719064026283e-01 2.699913924591927361e-01 1.189810040179285905e-01 1.301218068940133286e+10 6.233992931059866333e+10 2.033172015866517857e+00
2.238721138568365097e+10 1.464192481499354992e+00 -3.813038833308365905e-01 -2.326009928735548904e+00 2.779026958550559478e-01 4.693430876983433934e-12 1.050728291671227388e-01 2.419391301189268151e-01 1.061827409534752548e-01 1.274209621550535393e+10 6.261001378449464417e+10 2.111780082140308767e+00
2.511886431509613037e+10 1.445304697108956704e+00 -3.683201623870882013e-01 -2.320692310577221917e+00 2.771602524484180208e-01 3.747500041618819801e-12 9.413294506624023117e-02 2.167491160691521757e-01 9.471553479877296844e-02 1.247057536337037468e+10 6.288153463662962341e+10 2.193779268711778307e+00
2.818382931264495468e+10 1.426514841998076211e+00 -3.552342961024481660e-01 -2.315317312196524036e+00 2.763251111762378143e-01 2.991257963290234916e-12 8.430510386746196960e-02 1.941196754285326176e-01 8.444381501133058077e-02 1.219768717748382187e+10 6.315442282251617432e+10 2.279348429584222568e+00
3.162277660168431091e+10 1.407823455535310631e+00 -3.420448631806106699e-01 -2.309902960356768453e+00 2.753930289012662680e-01 2.386751886621358072e-12 7.547572171427577303e-02 1.737892717022584133e-01 7.524609133306056630e-02 1.192351879965097046e+10 6.342859120034902954e+10 2.368674319310311915e+00
3.548133892335818481e+10 1.389231049989539724e+00 -3.287503926238500851e-01 -2.304421799754767353e+00 2.743596486070751239e-01 1.903751979832392138e-12 6.754766922244725968e-02 1.555342562180997701e-01 6.701300313505138828e-02 1.164816222530404472e+10 6.370394777469595337e+10 2.461956109900536038e+00
3.981071705535050964e+10 1.370738535622440857e+00 -3.153496716868458560e-01 -2.298830311591653519e+00 2.732205314874538993e-01 1.518030972441541778e-12 6.043390152512880670e-02 1.391542007632317335e-01 5.964579171051789114e-02 1.137170242098615456e+10 6.398040757901384735e+10 2.559411188493445621e+00
4.466835921509725952e+10 1.352346813807017156e+00 -3.018414638134068739e-01 -2.293167586774802480e+00 2.719711475699159164e-01 1.209994672027684039e-12 5.404847665848638849e-02 1.244512166528674024e-01 5.305565627511523580e-02 1.109423091688978195e+10 6.425787908311021423e+10 2.661273052152125285e+00
5.011872336272837830e+10 1.334056487551076309e+00 -2.882242910879910802e-01 -2.287456520659270076e+00 2.706068623077735325e-01 9.640384221892842017e-13 4.831637499274588077e-02 1.112525648058069611e-01 4.716306173864821816e-02 1.081585921266221428e+10 6.453625078733778381e+10 2.767787028853842646e+00
5.623413251903628540e+10 1.315868043067524473e+00 -2.744965566503447252e-01 -2.281693329055031860e+00 2.691229525557066737e-01 7.677234496273819494e-13 4.317226220431787803e-02 9.940780738249260784e-02 4.189655243394058842e-02 1.053671050434545326e+10 6.481539949565454865e+10 2.879213727006568746e+00
6.309573444802097321e+10 1.297782286083272174e+00 -2.606568739233628973e-01 -2.275816282555898518e+00 2.675146546972316242e-01 6.111397067480352192e-13 3.856030864761544191e-02 8.878839187324871762e-02 3.719164745254693177e-02 1.025690348910856438e+10 6.509520651089143372e+10 2.995837098720930847e+00
7.079457843841575623e+10 1.279800217339517987e+00 -2.467039855462416220e-01 -2.269846482924974485e+00 2.657771783907057483e-01 4.862683859487357363e-13 3.442516539116959734e-02 7.926687265356165135e-02 3.299026583937655910e-02 9.976557648375011444e+09 6.537555235162498474e+10 3.117966142535642859e+00
7.943282347243049622e+10 1.261922521500922878e+00 -2.326363688119615636e-01 -2.263819168787725378e+00 2.639056760665088874e-01 3.867028774167134775e-13 3.071690139812273054e-02 7.072827926228536510e-02 2.924038704148028758e-02 9.695812354505245209e+09 6.565629764549475098e+10 3.245928589000009801e+00
8.912509381337731934e+10 1.244149709791712244e+00 -2.184523325677799888e-01 -2.257748934562117782e+00 2.618952663564887984e-01 3.073425186530359146e-13 2.739193080779149525e-02 6.307225154634504838e-02 2.589537377126443704e-02 9.414825673074266434e+09 6.593728432692573547e+10 3.380071900819006991e+00
1.000000000000032654e+11 1.226482460238028205e+00 -2.041502839521279755e-01 -2.251571783921746839e+00 2.597410911266754829e-01 2.441377739321909980e-13 2.441377739321989870e-02 5.621479988930317556e-02 2.291319748537315112e-02 9.133755664948772430e+09 6.621835433505122375e+10 3.520773612260647667e+00
1.122018454302001953e+11 1.208921815206571715e+00 -1.897289005643325865e-01 -2.245277647506623175e+00 2.574383741839011974e-01 1.938227111732431434e-13 2.174726587992256363e-02 5.007493022848773928e-02 2.025595423242830886e-02 8.852756175689882278e+09 6.649935382431011963e+10 3.668448537376988838e+00
1.258925411794212494e+11 1.191468569602428751e+00 -1.751866383605814037e-01 -2.238916054641925779e+00 2.549823777898117538e-01 1.537754105111827834e-13 1.935917720016148633e-02 4.457615283372205056e-02 1.788967715587300167e-02 8.571998557248266220e+09 6.678011144275173187e+10 3.823541711023856315e+00
1.412537544622807312e+11 1.174123287646158920e+00 -1.605217309230120848e-01 -2.232509641017609514e+00 2.523684252644282644e-01 1.219135882653501830e-13 1.722075206244936402e-02 3.965224698914237428e-02 1.578396716030133415e-02 8.291677709340219498e+09 6.706043229065978241e+10 3.986526087677034980e+00
1.584893192461175842e+11 1.156886539652131951e+00 -1.457323791437485083e-01 -2.226013176835671903e+00 2.495919633807523186e-01 9.658469927022193962e-14 1.530764323692846568e-02 3.524715112622260615e-02 1.391148220741715916e-02 8.011994565654160500e+09 6.734011543434584045e+10 4.157914281563420467e+00
1.778279410038995667e+11 1.139759332098599698e+00 -1.308171279248772079e-01 -2.219379298806380962e+00 2.466486770506795823e-01 7.646505794636079815e-14 1.359762381334521028e-02 3.130968589274953084e-02 1.224756128194281167e-02 7.733143716575489998e+09 6.761896628342450714e+10 4.338272150972927399e+00
1.995262314968964539e+11 1.122742589811918990e+00 -1.157744329300124247e-01 -2.212663680638319974e+00 2.435344584595177941e-01 6.048739381867819280e-14 1.206882174170952927e-02 2.778948903246280036e-02 1.077008190881246358e-02 7.455331991634029388e+09 6.789677800836596680e+10 4.528214571706852709e+00
2.238721138568438416e+11 1.105836935174024482e+00 -1.006024556787913499e-01 -2.205892214620130964e+00 2.402454059746539083e-01 4.780559336860280430e-14 1.070233924160982585e-02 2.464304679789598718e-02 9.459268513053458935e-03 7.178791416624279022e+09 6.817331858337571716e+10 4.728399348154330717e+00
2.511886431509695129e+11 1.089042885448387787e+00 -8.529922375246080934e-02 -2.199051416742817011e+00 2.367778997319782697e-01 3.774765429459736260e-14 9.481782064391779466e-03 2.183261003648682280e-02 8.297377092193858328e-03 6.903766549873584747e+09 6.844834345012641907e+10 4.939538680723489783e+00
2.818382931264587402e+11 1.072361341892281938e+00 -6.986307851309431216e-02 -2.192064598518336904e+00 2.331287604215816767e-01 2.977944915271051356e-14 8.392989119446098850e-03 1.932557163209781131e-02 7.268422550479214372e-03 6.630496804523754120e+09 6.872161319547624207e+10 5.162419322449895986e+00
3.162277660168534546e+11 1.055793345064244937e+00 -5.429247017122715985e-02 -2.184970324783294338e+00 2.292952751439755466e-01 2.346997867157500404e-14 7.421858923775361688e-03 1.708946172018998080e-02 6.358046716671995197e-03 6.359225593906502724e+09 6.899288440609349060e+10 5.397907380172096481e+00
3.548133892335934448e+11 1.039339587752075245e+00 -3.858549967105750350e-02 -2.177808719088067058e+00 2.252751496575175483e-01 1.847695160403321262e-14 6.555869821332105385e-03 1.509544812220884463e-02 5.553423970612003137e-03 6.090219858595319748e+09 6.926189014140467834e+10 5.646938481416365896e+00
3.981071705535180664e+11 1.023000593017540982e+00 -2.274006665411222594e-02 -2.170594329757697949e+00 2.210666023021619631e-01 1.452895250180128646e-14 5.784080171598567424e-03 1.331833677980530373e-02 4.843079348061630866e-03 5.823765046542114258e+09 6.952834495345788574e+10 5.910526087030827824e+00
4.466835921509872437e+11 1.006777116840266606e+00 -6.754255415507199635e-03 -2.163238674851545085e+00 2.166685377667291190e-01 1.141147068495337980e-14 5.097316717280662123e-03 1.173700548747979786e-02 4.216695791379486587e-03 5.560143717938845634e+09 6.979196628206115723e+10 6.189789926033617995e+00
5.011872336273001709e+11 9.906702588283583522e-01 9.373535814771565000e-03 -2.155743601142432020e+00 2.120806727174523731e-01 8.951990667366306242e-15 4.486623438034727761e-03 1.033083224629645878e-02 3.664999848035065729e-03 5.299633492768030167e+09 7.005247650723196411e+10 6.485976134703072660e+00
5.623413251903812256e+11 9.746808097985617536e-01 2.564523614861882045e-02 -2.148169567832409310e+00 2.073034418646118315e-01 7.012999883829802340e-15 3.943699648232840832e-03 9.080704021266802761e-03 3.179711441345971050e-03 5.042530083578777313e+09 7.030957991642121887e+10 6.800446528673063540e+00
6.309573444802304688e+11 9.588093335756706637e-01 4.206304182632852190e-02 -2.140545856440082328e+00 2.023380874222496240e-01 5.485857443750421480e-15 3.461342044905871187e-03 7.970034594353785778e-03 2.753442975955444974e-03 4.789149908677524567e+09 7.056296009132247925e+10 7.134682276839251713e+00
7.079457843841807861e+11 9.430564450919649566e-01 5.862914120263806872e-02 -2.132800666107843135e+00 1.971868229908095849e-01 4.284902979978655126e-15 3.033479001171102661e-03 6.984843528007048802e-03 2.379571022896414395e-03 4.539808848844899178e+09 7.081230115115510559e+10 7.490321221623489123e+00
7.943282347243309326e+11 9.274232212337982784e-01 7.534526826794669951e-02 -2.124885408527031228e+00 1.918530689327990202e-01 3.341779906875482149e-15 2.654470134265640626e-03 6.112143360957967946e-03 2.052146350672280194e-03 4.294810384431704998e+09 7.105729961556829834e+10 7.869199519891004968e+00
8.912509381338023682e+11 9.119105778733028744e-01 9.221334429259656074e-02 -2.116876485201855118e+00 1.863413486058305424e-01 2.601805638814439843e-15 2.318861716435186536e-03 5.339376420978246898e-03 1.765858356123867299e-03 4.054466077168244839e+09 7.129764392283175659e+10 8.273349639365116914e+00
1.000000000000065430e+12 8.965191276941874010e-01 1.092356501978124506e-01 -2.108806190309739037e+00 1.806573118148837864e-01 2.021956799344940167e-15 2.021956799345072438e-03 4.655727584849916889e-03 1.515980755978156699e-03 3.819104781440824032e+09 7.153300521855917358e+10 8.704999901714385757e+00
1.122018454302038818e+12 8.812493937514460640e-01 1.264146127975167011e-01 -2.100643271054760675e+00 1.748078830690424079e-01 1.568328986676315196e-15 1.759694065467641956e-03 4.051845323375880860e-03 1.298291433272506009e-03 3.589055461149433613e+09 7.176305453885057068e+10 9.166620873248374934e+00
1.258925411794253662e+12 8.661023454996740201e-01 1.437521955323357026e-01 -2.092293200259695674e+00 1.688015539873786164e-01 1.214132813756400379e-15 1.528502652531192217e-03 3.519507422320181274e-03 1.109007614630099382e-03 3.364629397205364704e+09 7.198748060279463196e+10 9.660994257562778742e+00
1.412537544622853760e+12 8.510790219229190656e-01 1.612502969960152854e-01 -2.083820321445344792e+00 1.626483317460017397e-01 9.379386562820794798e-16 1.324873566551547279e-03 3.050634124443447719e-03 9.447540759610043200e-04 3.146131083039323807e+09 7.220597891696067810e+10 1.019124108072866264e+01
1.584893192461227539e+12 8.361800880124143909e-01 1.789112728133989416e-01 -2.075271323865898410e+00 1.563596192128214046e-01 7.229081101921692694e-16 1.145732142618579924e-03 2.638145752157670509e-03 8.025345790459725587e-04 2.933873221064337254e+09 7.241823677893566895e+10 1.076082120058263847e+01
1.778279410039053711e+12 8.214060395227813505e-01 1.967377247684467534e-01 -2.066657218336124480e+00 1.499483367569911241e-01 5.558108154861494407e-16 9.883869290560351809e-04 2.275845008954590406e-03 6.796848100181627399e-04 2.728166531984849453e+09 7.262394346801515198e+10 1.137358764414991796e+01
1.995262314969029785e+12 8.067576801143909737e-01 2.147319282758673731e-01 -2.057856871990215719e+00 1.434291692684833974e-01 4.262835121210617454e-16 8.505474272277981692e-04 1.958457826819166338e-03 5.738272391238159699e-04 2.529298396555531025e+09 7.282281160344447327e+10 1.203389672340822258e+01
2.238721138568511719e+12 7.922361202756449394e-01 2.328957999389560385e-01 -2.048891927815502889e+00 1.368186058040760378e-01 3.260762709494267350e-16 7.299938405600751726e-04 1.680872935251101312e-03 4.828439700720568608e-04 2.337532324837956905e+09 7.301457767516204834e+10 1.274669896372397915e+01
2.511886431509777344e+12 7.778421018930380404e-01 2.512317292666577107e-01 -2.039837226284765492e+00 1.301346374434126651e-01 2.487035233877897673e-16 6.247150058664636442e-04 1.438459459877807064e-03 4.048606601938320535e-04 2.153126010564495087e+09 7.319898398943550110e+10 1.351755484573724608e+01
2.818382931264679688e+12 7.635761378428576052e-01 2.697424371698203815e-01 -2.030730595398965388e+00 1.233967824410057285e-01 1.891004260897128104e-16 5.329574131861246648e-04 1.227179794803039039e-03 3.382196788268091174e-04 1.976328275894247055e+09 7.337578172410575867e+10 1.435270336231309329e+01
3.162277660168638184e+12 7.494388493224126702e-01 2.884305533972205682e-01 -2.021460078550125772e+00 1.166261895530260329e-01 1.433239610246512638e-16 4.532301601151352845e-04 1.043601010376415126e-03 2.814501586973212725e-04 1.807357807181529284e+09 7.354475219281846619e+10 1.525923755126238390e+01
3.548133892336050781e+12 7.354313328363057956e-01 3.072981045005608314e-01 -2.011980445376550186e+00 1.098457374502400663e-01 1.082662056253301629e-16 3.841429935738579224e-04 8.845219305812728307e-04 2.332470851733778024e-04 1.646393847140207767e+09 7.370571615285978699e+10 1.624530707417106257e+01
3.981071705535311035e+12 7.215544369624470322e-01 3.263474539089961102e-01 -2.002395340471074370e+00 1.030795690454405084e-01 8.148454233222253863e-17 3.243958059173054388e-04 7.469489469349772535e-04 1.924603132354704769e-04 1.493592358176899672e+09 7.385851764182310486e+10 1.732020138138251042e+01
4.466835921510018555e+12 7.078087042012329855e-01 3.455814136029677908e-01 -1.992749667171835659e+00 9.635289591303108914e-02 6.108665704287097679e-17 2.728640740040590607e-04 6.282927492153705376e-04 1.580792708317108877e-04 1.349088909688352346e+09 7.400302109031164551e+10 1.849446156152035670e+01
5.011872336273166016e+12 6.941946095666674532e-01 3.650029405418623862e-01 -1.982980207159383390e+00 8.969191250136182569e-02 4.560651185414826400e-17 2.285740151157198980e-04 5.263111198512523048e-04 1.292141741050445631e-04 1.212981790606475115e+09 7.413912820939352417e+10 1.978016672865687298e+01
5.623413251903997070e+12 6.807131350973228967e-01 3.846143022588114913e-01 -1.972970433196489015e+00 8.312383439425546916e-02 3.390413607946252200e-17 1.906569681236059798e-04 4.390038926768561386e-04 1.050812987918411961e-04 1.085319179367173910e+09 7.426679082063282776e+10 2.119132877017214867e+01
6.309573444802510742e+12 6.673652468944911709e-01 4.044177863993235200e-01 -1.962824348795574769e+00 7.667634951199799043e-02 2.508753021430920037e-17 1.582916144358859794e-04 3.644799117460321525e-04 8.499420368126845890e-05 9.661088523663407564e+08 7.438600114763365173e+10 2.274417719720884179e+01
7.079457843842039062e+12 6.541515124357643041e-01 4.244162839653025099e-01 -1.952598848538808385e+00 7.037709859799939904e-02 1.847092193930761896e-17 1.307641132062253289e-04 3.010954977672402710e-04 6.835481844343620922e-05 8.553262109730743170e+08 7.449678378902693176e+10 2.445740012081753534e+01
7.943282347243568359e+12 6.410723273852125814e-01 4.446129931925422163e-01 -1.942294091980417914e+00 6.425341851172976237e-02 1.352711980156615202e-17 1.074497319288293337e-04 2.474121509855287896e-04 5.464212722461662085e-05 7.529047746023035049e+08 7.459920522539768982e+10 2.635264028686593107e+01
8.912509381338316406e+12 6.281284789108078082e-01 4.650105491855641149e-01 -1.931743109399048919e+00 5.833219670441756183e-02 9.852086176242145844e-18 8.780681047151167281e-05 2.021826528550562806e-04 4.340225712860169729e-05 6.587242905590143204e+08 7.469338570944097900e+10 2.845526021717126852e+01
1.000000000000098242e+13 6.153210077585653526e-01 4.856111835162922885e-01 -1.921001459352838392e+00 5.263934560333088236e-02 7.133053911308829425e-18 7.133053911309530806e-05 1.642446360370419854e-04 3.424157490629899873e-05 5.726142617918835878e+08 7.477949573820811462e+10 3.079513338612469298e+01
1.122018454302075391e+13 6.026505236319431580e-01 5.064178130658203436e-01 -1.910164244027256819e+00 4.719902421807330162e-02 5.131428005768991902e-18 5.757556919395305538e-05 1.325726473466435110e-04 2.682114282170667023e-05 4.943658635679632425e+08 7.485774413643203735e+10 3.340726384541572003e+01
1.258925411794294922e+13 5.901173976592700710e-01 5.274337827925754674e-01 -1.899279923609984211e+00 4.203326818139083154e-02 3.666183630632813041e-18 4.615451736907917704e-05 1.062747036683764893e-04 2.084995904633101131e-05 4.237306430835506916e+08 7.492837935691644287e+10 3.633274950063425024e+01
1.412537544622899805e+13 5.777221809917897355e-01 5.486621815852976702e-01 -1.888173228701517825e+00 3.716169762013115524e-02 2.600619650328713305e-18 3.673472895373385271e-05 8.458483928404433719e-05 1.607847047252036190e-05 3.604128465151404738e+08 7.499169715348486328e+10 3.962036047489329604e+01
1.584893192461279492e+13 5.654659010511619011e-01 5.701052840041079817e-01 -1.876812091197138654e+00 3.260114926111762346e-02 1.830751915694583981e-18 2.901546248269792330e-05 6.681057137898825074e-05 1.229358520594444420e-05 3.040711262757356167e+08 7.504803887372425842e+10 4.332851600678919368e+01
1.778279410039111719e+13 5.533492409750897512e-01 5.917659379627330241e-01 -1.865338096154870229e+00 2.836491967639121620e-02 1.278180534259896073e-18 2.272962126387164495e-05 5.233688709159133419e-05 9.314898744179875130e-06 2.543318191598528624e+08 7.509777818084014893e+10 4.752702395916377043e+01
1.995262314969094922e+13 5.413725678352228066e-01 6.136475720268717016e-01 -1.853819009838097998e+00 2.446243954270377330e-02 8.844985679044344672e-19 1.764806660183851003e-05 4.063617507755943979e-05 6.990572189951043777e-06 2.107944597955368757e+08 7.514131554020446777e+10 5.229928582212235000e+01
2.238721138568585156e+13 5.295362138318668865e-01 6.357537237734502966e-01 -1.842133765290813630e+00 2.089909693406944921e-02 6.063593478385565504e-19 1.357469489574838117e-05 3.125689010889258533e-05 5.193245560289695207e-06 1.730306374531774223e+08 7.517907936254682922e+10 5.774579709305520225e+01
2.511886431509859375e+13 5.178410778502541278e-01 6.580868833121379380e-01 -1.830139079012676806e+00 1.767619720056033683e-02 4.115922978615572479e-19 1.033873108312410134e-05 2.380580807247574077e-05 3.816678105755449954e-06 1.405874007279083431e+08 7.521152259927209473e+10 6.398892617237221003e+01
2.818382931264771875e+13 5.062879385155194534e-01 6.806497230917012420e-01 -1.818001864463417938e+00 1.479063321027256073e-02 2.764061655375102488e-19 7.790184190472639308e-06 1.793756198866018910e-05 2.773093854227024433e-06 1.129992995214767754e+08 7.523911070047851562e+10 7.117789561625660610e+01
3.162277660168741406e+13 4.948771499425049236e-01 7.034457291500129106e-01 -1.805796945060493597e+00 1.223486677795631618e-02 1.834938826010079414e-19 5.802586057267931627e-06 1.336094815628023412e-05 1.990631100603492974e-06 8.979781291882081330e+07 7.526231218708117676e+10 7.949437606530379696e+01
3.548133892336166406e+13 4.836088898754609677e-01 7.264787777068593133e-01 -1.793498771606791165e+00 9.997194536294804618e-03 1.203233954899823495e-19 4.269235175789749743e-06 9.830277274259292106e-06 1.410850464839989445e-06 7.051527095853552222e+07 7.528159472904145813e+10 8.916060460492120399e+01
3.981071705535441406e+13 4.724838219153882357e-01 7.497517719670305780e-01 -1.780871468003964342e+00 8.062178805189407910e-03 7.788361275618297229e-20 3.100602470685191921e-06 7.139401028300231373e-06 9.866085072759900708e-07 5.468986910951057822e+07 7.529742013089048767e+10 1.004504102245517601e+02
4.466835921510164844e+13 4.615027907282520103e-01 7.732671779757109842e-01 -1.768032062653559056e+00 6.410983014467693843e-03 4.971279703962929288e-20 2.220589075753602924e-06 5.113095303495672478e-06 6.802960989810841736e-07 4.187441280951122195e+07 7.531023558719049072e+10 1.137017999460790492e+02
5.011872336273329688e+13 4.506661427500387451e-01 7.970284735849094693e-01 -1.755105281829405950e+00 5.021834109308042846e-03 3.125641424396073476e-20 1.566531578804064600e-06 3.607072261058666576e-06 4.622919098672199481e-07 3.164502694653640315e+07 7.532046497305346680e+10 1.293285977932186483e+02
5.623413251904180469e+13 4.399739675977430986e-01 8.210397183707051072e-01 -1.742152188283396130e+00 3.870763370812648537e-03 1.933610023460486627e-20 1.087348822994245388e-06 2.503713190711171028e-06 3.095222735729698999e-07 2.360562704259835929e+07 7.532850437295739746e+10 1.478323104216925969e+02
6.309573444802717188e+13 4.294266255459808224e-01 8.453043890648483938e-01 -1.728892908765664371e+00 2.932405558437374375e-03 1.175845721096279220e-20 7.419084937013985924e-07 1.708307437962507462e-06 2.042217578561251900e-07 1.739110074716326967e+07 7.533471889925283813e+10 1.698110692585828190e+02
7.079457843842270312e+13 4.190249397786749430e-01 8.698248386865630177e-01 -1.715328633315662765e+00 2.180757319328255426e-03 7.020104075791684542e-21 4.969853086395253652e-07 1.144350963110416144e-06 1.329052978293002099e-07 1.267108183515621722e+07 7.533943891816484070e+10 1.959532942613255670e+02
7.943282347243828125e+13 4.087692807758488422e-01 8.946043877893279372e-01 -1.701658795623586906e+00 1.589870384593987471e-03 4.108608187124895920e-21 3.263583488453065435e-07 7.514678690253534339e-07 8.550982702590469994e-08 9.153455370043495670e+06 7.534295654462995911e+10 2.269836928443683917e+02
8.912509381338607812e+13 3.986596828239216128e-01 9.196471512933083181e-01 -1.687989943553975358e+00 1.134620689032026777e-03 2.353596609419911565e-21 2.097645186134170231e-07 4.830006535983260846e-07 5.464811396031189141e-08 6.584988041308979504e+06 7.534552501195869446e+10 2.635167793554630862e+02
1.000000000000130938e+14 3.886961942045845664e-01 9.449572322586314854e-01 -1.674094231055354154e+00 nan nan nan nan nan nan nan nan
1.122018454302112188e+14 3.788794889568367630e-01 9.705370955533769717e-01 -1.659798262454547757e+00 nan nan nan nan nan nan nan nan
1.258925411794336094e+14 3.692099941143693886e-01 9.963897070709284431e-01 -1.645370286367844326e+00 nan nan nan nan nan nan nan nan
1.412537544622946250e+14 3.596876832433477666e-01 1.022519170614533568e+00 -1.630922551206853921e+00 nan nan nan nan nan nan nan nan
1.584893192461331250e+14 3.503123510703746724e-01 1.048930090849379937e+00 -1.616369095321699367e+00 nan nan nan nan nan nan nan nan
1.778279410039170000e+14 3.410843894736278470e-01 1.075625355853617071e+00 -1.601365176112144129e+00 nan nan nan nan nan nan nan nan
1.995262314969160312e+14 3.320042749624415590e-01 1.102607433755652400e+00 -1.586144212245938157e+00 nan nan nan nan nan nan nan nan
2.238721138568658125e+14 3.230719126257160512e-01 1.129880340831923125e+00 -1.570877599994942475e+00 nan nan nan nan nan nan nan nan
2.511886431509941875e+14 3.142869237291441853e-01 1.157448940469352427e+00 -1.555635171569603958e+00 nan nan nan nan nan nan nan nan
2.818382931264864375e+14 3.056493187789802168e-01 1.185316851271606575e+00 -1.539957622931715120e+00 nan nan nan nan nan nan nan nan
3.162277660168845000e+14 2.971595425772434740e-01 1.213486104014417144e+00 -1.523921678387713641e+00 nan nan nan nan nan nan nan nan
3.548133892336283125e+14 2.888174640070428345e-01 1.241960402853245382e+00 -1.507821944126108704e+00 nan nan nan nan nan nan nan nan
3.981071705535571875e+14 2.806225851907131474e-01 1.270744625633686953e+00 -1.491831202919642774e+00 nan nan nan nan nan nan nan nan
4.466835921510310625e+14 2.725744980715760768e-01 1.299843314823741158e+00 -1.475514748585351033e+00 nan nan nan nan nan nan nan nan
5.011872336273493750e+14 2.646734828951250451e-01 1.329258352722932468e+00 -1.458672034742397816e+00 nan nan nan nan nan nan nan nan
5.623413251904365000e+14 2.569194189965720021e-01 1.358992788012773234e+00 -1.441743193259520606e+00 nan nan nan nan nan nan nan nan
6.309573444802923750e+14 2.493116969454139686e-01 1.389051370398003193e+00 -1.424922392729871312e+00 nan nan nan nan nan nan nan nan
7.079457843842502500e+14 2.418495372104155772e-01 1.419439493254708751e+00 -1.407977629636269601e+00 nan nan nan nan nan nan nan nan
7.943282347244088750e+14 2.345328964657832638e-01 1.450159417498428027e+00 -1.390383450988005309e+00 nan nan nan nan nan nan nan nan
8.912509381338898750e+14 2.273616889558539023e-01 1.481213186107745328e+00 -1.372605152139057871e+00 nan nan nan nan nan nan nan nan
