# [1] m:            [M_sun/h] 
# [2] sigma 
# [3] ln(1/sigma) 
# [4] n_eff 
# [5] f(sigma) 
# [6] dn/dm:        [h^4/(Mpc^3*M_sun)] 
# [7] dn/dlnm:      [h^3/Mpc^3] 
# [8] dn/dlog10m:   [h^3/Mpc^3] 
# [9] n(>m):        [h^3/Mpc^3] 
# [11] rho(>m):     [M_sun*h^2/Mpc^3] 
# [11] rho(<m):     [M_sun*h^2/Mpc^3] 
# [12] Lbox(N=1):   [Mpc/h]
1.000000000000000000e+10 1.211358361546093887e+00 -1.917423427980557704e-01 -2.361242218390441128e+00 2.292813864729402740e-01 1.839285599855239006e-11 1.839285599855239040e-01 4.235111603985284856e-01 1.747286413472260713e-01 7.813201179784753799e+09 6.753890882021524811e+10 1.788732096921826997e+00
1.122018454301965332e+10 1.196546625878798675e+00 -1.794395961643274195e-01 -2.356394020342361451e+00 2.273452574160706452e-01 1.459654722988636878e-11 1.637759536102273705e-01 3.771080693737939304e-01 1.547131606029180928e-01 7.601542836409226418e+09 6.775056716359077454e+10 1.862762903870145648e+00
1.258925411794171333e+10 1.181805197182981271e+00 -1.670430976037928228e-01 -2.351505963623462314e+00 2.253087964793733244e-01 1.157786021559897948e-11 1.457566243961829766e-01 3.356170305397832010e-01 1.368950331050787506e-01 7.390133081038972855e+09 6.796197691896102905e+10 1.940308425868524145e+00
1.412537544622761154e+10 1.167134608806046359e+00 -1.545516926731835272e-01 -2.346529688066314456e+00 2.231695347204288304e-01 9.179202212916581131e-12 1.296596775542900315e-01 2.985524406989228940e-01 1.210407963241111606e-01 7.179074746063117981e+09 6.817303525393688202e+10 2.021572910223986330e+00
1.584893192461123848e+10 1.152535571472952158e+00 -1.419643600309776210e-01 -2.341474016061691366e+00 2.209251011143826549e-01 7.273813236286315947e-12 1.152821708142379858e-01 2.654470080048576541e-01 1.069408101065167094e-01 6.968469324195103645e+09 6.838364067580489349e+10 2.106778333971333961e+00
1.778279410038937378e+10 1.138008588223821116e+00 -1.292798824452768280e-01 -2.336369787180621493e+00 2.185731821280672837e-01 5.760592999365024485e-12 1.024394392038526919e-01 2.358755256454610483e-01 9.440774676525880149e-02 6.758429887561727524e+09 6.859368011243827057e+10 2.196160734829389671e+00
1.995262314968899155e+10 1.123554025404399859e+00 -1.164968981844037993e-01 -2.331230172041795168e+00 2.161115432769472600e-01 4.559306656020683739e-12 9.097012753144939623e-02 2.094664595616826108e-01 8.327419713508026067e-02 6.549081606661523819e+09 6.880302839333847046e+10 2.289970293838075932e+00
2.238721138568365097e+10 1.109172332411326733e+00 -1.036140907153590418e-01 -2.326009928735548904e+00 2.135380824113436715e-01 3.606392612772488801e-12 8.073707376190566998e-02 1.859039824961247200e-01 7.338993608363511556e-02 6.340549679568649292e+09 6.901156032043135071e+10 2.388477549635203534e+00
2.511886431509613037e+10 1.094864235538074659e+00 -9.063036977161074981e-02 -2.320692310577221917e+00 2.108508909219326544e-01 2.850927272309236693e-12 7.161205532534282991e-02 1.648928510707992900e-01 6.462001524446205070e-02 6.132954856914701462e+09 6.921915514308529663e+10 2.491978635262552366e+00
2.818382931264495468e+10 1.080630323205957755e+00 -7.754450348697064510e-02 -2.315317312196524036e+00 2.080482048610277912e-01 2.252150906190619266e-12 6.347423672639507242e-02 1.461548312753724876e-01 5.684382318580778748e-02 5.926426757653195381e+09 6.942568324234680176e+10 2.600791717116298418e+00
3.162277660168431091e+10 1.066471004003828549e+00 -6.435507056513313506e-02 -2.309902960356768453e+00 2.051284137694119880e-01 1.777788749835487919e-12 5.621861648103527315e-02 1.294481482579812048e-01 4.995374869747397362e-02 5.721108940359512329e+09 6.963100105964048767e+10 2.715255102114409347e+00
3.548133892335818481e+10 1.052386665991641435e+00 -5.106060000837268215e-02 -2.304421799754767353e+00 2.020901126402103454e-01 1.402281472500144878e-12 4.975482419172341797e-02 1.145647164884018715e-01 4.385342707881442065e-02 5.517148455153330803e+09 6.983496154484666443e+10 2.835733979244830838e+00
3.981071705535050964e+10 1.038377998721542461e+00 -3.765987907136844615e-02 -2.298830311591653519e+00 1.989322018344567011e-01 1.105280200417750470e-12 4.400199732571216660e-02 1.013183431041487087e-01 3.845635058900068182e-02 5.314686819547841072e+09 7.003742318045216370e+10 2.962629278836884872e+00
4.466835921509725952e+10 1.024445685012224327e+00 -2.415167119792939118e-02 -2.293167586774802480e+00 1.956538563874222481e-01 8.704604363578366023e-13 3.888203945376215304e-02 8.952920443143909390e-02 3.368516190061100757e-02 5.113869855707302094e+09 7.023824014429269409e+10 3.096376673073659713e+00
5.011872336272837830e+10 1.010590181661263687e+00 -1.053449847251370849e-02 -2.287456520659270076e+00 1.922545011858636521e-01 6.849077085532718397e-13 3.432669997398162670e-02 7.904014765176919921e-02 2.947092809853081585e-02 4.914857006744962692e+09 7.043725299325503540e+10 3.237442490270391104e+00
5.623413251903628540e+10 9.968118569903865467e-01 3.193235965132879429e-03 -2.281693329055031860e+00 1.887338671152689329e-01 5.383985800811908631e-13 3.027637710034665822e-02 6.971393458112451480e-02 2.575207604270848827e-02 4.717814658485798836e+09 7.063429534151420593e+10 3.386329790982812060e+00
6.309573444802097321e+10 9.831113213633317915e-01 1.703291869211471035e-02 -2.275816282555898518e+00 1.850921090235585209e-01 4.228446376444569106e-13 2.667969296958430658e-02 6.143226331742287355e-02 2.247342109524481588e-02 4.522904248273914337e+09 7.082920575172608948e+10 3.543591110331845151e+00
7.079457843841575623e+10 9.694893328733578119e-01 3.098580706923597869e-02 -2.269846482924974485e+00 1.813298260025999198e-01 3.317627282694217784e-13 2.348700248941239244e-02 5.408082181123501780e-02 1.958559396702837935e-02 4.330285679410253525e+09 7.102182432058975220e+10 3.709833492525750565e+00
7.943282347243049622e+10 9.559464101757019217e-01 4.505342380351598508e-02 -2.263819168787725378e+00 1.774479916385731382e-01 2.600158131542414941e-13 2.065379018632133509e-02 4.755710939685022648e-02 1.704464568682625969e-02 4.140130067977541447e+09 7.121197993202246094e+10 3.885712586097509025e+00
8.912509381337731934e+10 9.424829405389599790e-01 5.923746004769735174e-02 -2.257748934562117782e+00 1.734480105257898419e-01 2.035468191234597351e-13 1.814112934979289493e-02 4.177149401090989034e-02 1.481143060163226700e-02 3.952617973026883602e+09 7.139949202697311401e+10 4.071936505281558816e+00
1.000000000000032654e+11 9.290994375894801038e-01 7.353950866334944825e-02 -2.251571783921746839e+00 1.693318289188271430e-01 1.591596292630781298e-13 1.591596292630833437e-02 3.664785897476346282e-02 1.285094677699044098e-02 3.767926117528790951e+09 7.158418388247120667e+10 4.269283140688689748e+00
1.122018454302001953e+11 9.157966909531619626e-01 8.796089205114500376e-02 -2.245277647506623175e+00 1.651020269159542975e-01 1.243036224824370648e-13 1.394709583618836124e-02 3.211437496296664501e-02 1.113189092854719592e-02 3.586224166699823380e+09 7.176588583330017090e+10 4.478614541457386800e+00
1.258925411794212494e+11 9.025753027958676178e-01 1.025031542548961033e-01 -2.238916054641925779e+00 1.607617152404638705e-01 9.695257754621179941e-14 1.220560636118750084e-02 2.810444725822364154e-02 9.626420373017445173e-03 3.407688356213247299e+09 7.194442164378675842e+10 4.700871636790728836e+00
1.412537544622807312e+11 8.894357005326003485e-01 1.171680616924652696e-01 -2.232509641017609514e+00 1.563145662988832674e-01 7.551209964428516083e-14 1.066636758208513308e-02 2.456021899090417293e-02 8.309803716789255709e-03 3.232504270546702862e+09 7.211960572945329285e+10 4.937075228415411132e+00
1.584893192461175842e+11 8.763783161946179234e-01 1.319574134717290403e-01 -2.226013176835671903e+00 1.517649041277790156e-01 5.872852405345511461e-14 9.307843797561343030e-03 2.143210237618183717e-02 7.159995682612111528e-03 3.060854709084323883e+09 7.229125529091567993e+10 5.188347783416100256e+00
1.778279410038995667e+11 8.634039122211792927e-01 1.468726646906002853e-01 -2.219379298806380962e+00 1.471178567305427010e-01 4.560890240466975640e-14 8.110537206070226116e-03 1.867520206687088222e-02 6.157313071535797447e-03 2.892911407909385204e+09 7.245919859209062195e+10 5.455940029173123484e+00
1.995262314968964539e+11 8.505131891976378533e-01 1.619153596854649158e-01 -2.212663680638319974e+00 1.423792569295830035e-01 3.536316889193745747e-14 7.055879822796560195e-03 1.624676369792883018e-02 5.284263927415808193e-03 2.728845701258092403e+09 7.262326429874191284e+10 5.741232920156016384e+00
2.238721138568438416e+11 8.377066185980864832e-01 1.770873369366861849e-01 -2.205892214620130964e+00 1.375556030697135113e-01 2.737170852131682922e-14 6.127762246540584094e-03 1.410969400229605472e-02 4.525352484910189106e-03 2.568835137337203979e+09 7.278327486266279602e+10 6.045736236054267465e+00
2.511886431509695129e+11 8.249845922660420383e-01 1.923905688630166144e-01 -2.199051416742817011e+00 1.326541307339468290e-01 2.114801370129338281e-14 5.312140866965997174e-03 1.223165637216037244e-02 3.866818725548781376e-03 2.413054632592726707e+09 7.293905536740727234e+10 6.371114286858460929e+00
2.818382931264587402e+11 8.123477929325282343e-01 2.078267141023830700e-01 -2.192064598518336904e+00 1.276829759143600918e-01 1.630999402232677035e-14 4.596780876155321868e-03 1.058447912119535317e-02 3.296415338214890578e-03 2.261665515173672199e+09 7.309044448482632446e+10 6.719227688935311527e+00
3.162277660168534546e+11 7.997970088537031952e-01 2.233973224442503958e-01 -2.184970324783294338e+00 1.226511241734934837e-01 1.255420229042700877e-14 3.969987344425398267e-03 9.141233678648941208e-03 2.803272518218785474e-03 2.114819929323984861e+09 7.323729007067601013e+10 7.092155134758479029e+00
3.548133892335934448e+11 7.873327648383393607e-01 2.391042929444198717e-01 -2.177808719088067058e+00 1.175682671368242921e-01 9.642888642443122179e-15 3.421426001227368882e-03 7.878124507208367558e-03 2.377788563572354619e-03 1.972670530272885084e+09 7.337943946972711182e+10 7.492192408202426712e+00
3.981071705535180664e+11 7.749554571223470356e-01 2.549497259613652811e-01 -2.170594329757697949e+00 1.124448464842047746e-01 7.390106947988187214e-15 2.942054567151471990e-03 6.774330989098029457e-03 2.011477176164696342e-03 1.835366185281143904e+09 7.351674381471885681e+10 7.921880684260386829e+00
4.466835921509872437e+11 7.626656583843148818e-01 2.709355371999703777e-01 -2.163238674851545085e+00 1.072921671042861985e-01 5.650850059983605004e-15 2.524142003500098267e-03 5.812051749859450944e-03 1.696817607690760763e-03 1.703039737884707451e+09 7.364907026211529541e+10 8.384070970953324320e+00
5.011872336273001709e+11 7.504642016123255210e-01 2.870633284302488430e-01 -2.155743601142432020e+00 1.021224144585894389e-01 4.310618640766769714e-15 2.160427031788170107e-03 4.974567077896814050e-03 1.427152136996855374e-03 1.575806296243227959e+09 7.377630370375677490e+10 8.881982420728053995e+00
5.623413251903812256e+11 7.383516858751932865e-01 3.033350287640962928e-01 -2.148169567832409310e+00 9.694841127114200985e-02 3.279729419186582500e-15 1.844327387851262164e-03 4.246720749866964364e-03 1.196619941302761976e-03 1.453773894081772804e+09 7.389833610591822815e+10 9.419212352666937349e+00
6.309573444802304688e+11 7.263285382881163876e-01 3.197528344418060775e-01 -2.140545856440082328e+00 9.178359064047965366e-02 2.488467200337139130e-15 1.570116656550874954e-03 3.615327207635697041e-03 1.000068742365196233e-03 1.337043298368007660e+09 7.401506670163198853e+10 9.999770869283256758e+00
7.079457843841807861e+11 7.143952246818376928e-01 3.363189338181154509e-01 -2.132800666107843135e+00 8.664202290692737951e-02 1.882745796673113675e-15 1.332881949821766764e-03 3.069074108380438065e-03 8.329587094647934080e-04 1.225696915084320307e+09 7.412641308491567993e+10 1.062817855828709313e+01
7.943282347243309326e+11 7.025525608319900250e-01 3.530350608834240123e-01 -2.124885408527031228e+00 8.153847301662552061e-02 1.420272463088466424e-15 1.128162518432639094e-03 2.597690197417615397e-03 6.912896018198427545e-04 1.119792996437670708e+09 7.423231700356233215e+10 1.130958472790874403e+01
8.912509381338023682e+11 6.908012405408173739e-01 3.699031369080739706e-01 -2.116876485201855118e+00 7.648810208210587991e-02 1.067971101359790777e-15 9.518302459867036347e-04 2.191670135469839503e-03 5.715555934976569025e-04 1.019374328107851863e+09 7.433273567189215088e+10 1.204981854117593443e+01
1.000000000000065430e+12 6.791417279356982695e-01 3.869254428132899437e-01 -2.108806190309739037e+00 7.150630937130751652e-02 8.003145124706008878e-16 8.003145124706532564e-04 1.842792266121723614e-03 4.706940334578682745e-04 9.244713198468728065e+08 7.442763868015312195e+10 1.285544463375326885e+01
1.122018454302038818e+12 6.675744192474121208e-01 4.041044054129942498e-01 -2.100643271054760675e+00 6.660867618664918777e-02 5.975950042619011105e-16 6.705126229805585857e-04 1.543912370339371081e-03 3.860264175463412324e-04 8.350940589101775885e+08 7.451701594108982849e+10 1.373391403003738098e+01
1.258925411794253662e+12 6.561000488686210552e-01 4.214419881478129737e-01 -2.092293200259695674e+00 6.181099348937045546e-02 4.445856905555453127e-16 5.597002235604725410e-04 1.288757391315779009e-03 3.152096735049627891e-04 7.512253688874008656e+08 7.460088463111259460e+10 1.469377845926918269e+01
1.412537544622853760e+12 6.447194038627569457e-01 4.389400896114926676e-01 -2.083820321445344792e+00 5.712897507166061345e-02 3.294437363007442692e-16 4.653516463656322114e-04 1.071511763921741654e-03 2.562029446240250219e-04 6.728253682471605539e+08 7.467928463175283813e+10 1.574485363227580415e+01
1.584893192461227539e+12 6.334329879818104692e-01 4.566010654288765180e-01 -2.075271323865898410e+00 5.257794365931204444e-02 2.430871991112326054e-16 3.852672470458595277e-04 8.871106198666505035e-04 2.072373850293154321e-04 5.998372137863800526e+08 7.475227278621362305e+10 1.689833694375816009e+01
1.778279410039053711e+12 6.222411767756609313e-01 4.744275173839243576e-01 -2.066657218336124480e+00 4.817271436232839488e-02 1.785609379402385851e-16 3.175312393763875468e-04 7.311426983479939624e-04 1.667810520739494966e-04 5.321834240698966980e+08 7.481992657593009949e+10 1.816705078774439386e+01
1.995262314969029785e+12 6.111445790425773517e-01 4.924217208913450605e-01 -2.057856871990215719e+00 4.392754042044196006e-02 1.305563317752590059e-16 2.604941287717679917e-04 5.998098977223443543e-04 1.335072371721911959e-04 4.697595717863106132e+08 7.488235042821368408e+10 1.956583546667574325e+01
2.238721138568511719e+12 6.001440360128119655e-01 5.105855925544336982e-01 -2.048891927815502889e+00 3.985589404155115423e-02 9.498752913061260972e-17 2.126505893650947239e-04 4.896460770884653252e-04 1.062708378019210705e-04 4.124355940796629786e+08 7.493967440592033386e+10 2.111196376689268206e+01
2.511886431509777344e+12 5.892401096889595680e-01 5.289215218821352593e-01 -2.039837226284765492e+00 3.597006075568724703e-02 6.874327252267698878e-17 1.726752935072912347e-04 3.975995567582603710e-04 8.408969695575302568e-05 3.600629452049014568e+08 7.499204705479510498e+10 2.282543541759061156e+01
2.818382931264679688e+12 5.784331885911054849e-01 5.474322297852978192e-01 -2.030730595398965388e+00 3.228098457328470311e-02 4.946926343336372759e-17 1.394233276828282830e-04 3.210340759381044812e-04 6.612385613834397891e-05 3.124748979105601907e+08 7.503963510208944702e+10 2.472942068024272544e+01
3.162277660168638184e+12 5.677237432959510999e-01 5.661203460126977838e-01 -2.021460078550125772e+00 2.879816168325941700e-02 3.539056380468005142e-17 1.119147893003125273e-04 2.576933255284691716e-04 5.165567110167969316e-05 2.694825277487722635e+08 7.508262747225122070e+10 2.685101232569691376e+01
3.548133892336050781e+12 5.571126044405763089e-01 5.849878971160383800e-01 -2.011980445376550186e+00 2.552952885615745668e-02 2.516242582385705487e-17 8.927965587901908850e-05 2.055740047346675807e-04 4.007398784510131975e-05 2.308749792468832433e+08 7.512123502075311279e+10 2.922217110071141732e+01
3.981071705535311035e+12 5.466004148497135562e-01 6.040372465244735478e-01 -2.002395340471074370e+00 2.248110674764235151e-02 1.777134607194504154e-17 7.074900301629649169e-05 1.629055996895150868e-04 3.086199773449678897e-05 1.964264050673954785e+08 7.515568359493260193e+10 3.188051450438543455e+01
4.466835921510018555e+12 5.361875854846521738e-01 6.232712062184453394e-01 -1.992749667171835659e+00 1.965685964200711289e-02 1.246222889424067357e-17 5.566673168687431600e-05 1.281773865578960878e-04 2.358492307831154146e-05 1.658992493624137044e+08 7.518621075063758850e+10 3.487025944117191045e+01
5.011872336273166016e+12 5.258744761835946191e-01 6.426927331573398794e-01 -1.982980207159383390e+00 1.705864941679541280e-02 8.673976004592687713e-18 4.347286038291533746e-05 1.000999602675122809e-04 1.787798940767635494e-05 1.390433599541919529e+08 7.521306664004580688e+10 3.824374743882579963e+01
5.623413251903997070e+12 5.156618308719657096e-01 6.623040948742889844e-01 -1.972970433196489015e+00 1.468626478631124277e-02 5.990160625320308410e-18 3.368514864145975694e-05 7.756292111711387183e-05 1.343641737306072044e-05 1.155969454493632913e+08 7.523651305455064392e+10 4.206350952183740333e+01
6.309573444802510742e+12 5.055503814021938824e-01 6.821075790148012352e-01 -1.962824348795574769e+00 1.253727464343326950e-02 4.102037439497670001e-18 2.588210649784018308e-05 5.959575259721113508e-05 1.000745053020260966e-05 9.529214203744472563e+07 7.525681785796255493e+10 4.640436662591321948e+01
7.079457843842039062e+12 4.955405576565879433e-01 7.021060765807799475e-01 -1.952598848538808385e+00 1.060699717735497961e-02 2.783874595235864103e-18 1.970832283951511906e-05 4.538009037818159866e-05 7.383054455817801993e-06 7.785988666763325036e+07 7.527425011333236694e+10 5.135561993087132748e+01
7.943282347243568359e+12 4.856326593632540045e-01 7.223027858080197650e-01 -1.942294091980417914e+00 8.888631687501438727e-03 1.871302546912412629e-18 1.486428448724129711e-05 3.422627987834445915e-05 5.392895199404659526e-06 6.303150062884457409e+07 7.528907849937115479e+10 5.702421819251139112e+01
8.912509381338316406e+12 4.758272828269446975e-01 7.427003418010416080e-01 -1.931743109399048919e+00 7.373460753095840980e-03 1.245349478689153118e-18 1.109918891186185822e-05 2.555682693277791984e-05 3.898317529126605981e-06 5.054038901471727341e+07 7.530156961098527527e+10 6.353908109484072497e+01
1.000000000000098242e+13 4.661252164458383196e-01 7.633009761317699482e-01 -1.921001459352838392e+00 6.050990860502291832e-03 8.199578381929707444e-19 8.199578381930513606e-06 1.888022695106944074e-05 2.787391182030427303e-06 4.012594578205891699e+07 7.531198405421794128e+10 7.105598967621318707e+01
1.122018454302075391e+13 4.565269220896790436e-01 7.841076056812977813e-01 -1.910164244027256819e+00 4.909111807271607057e-03 5.337134448986930986e-19 5.988363344854675021e-06 1.378871616929433834e-05 1.970667604021336172e-06 3.153809054352070764e+07 7.532057190945648193e+10 7.976190922128070326e+01
1.258925411794294922e+13 4.470326808999690593e-01 8.051235754080530160e-01 -1.899279923609984211e+00 3.934416357134053709e-03 3.431637240856955273e-19 4.320175326574480842e-06 9.947571306091083302e-06 1.377260417136703087e-06 2.453947946703186259e+07 7.532757052053297424e+10 8.987963733338526140e+01
1.412537544622899805e+13 4.376429103912896079e-01 8.263519742007749969e-01 -1.888173228701517825e+00 3.112551989239913802e-03 2.178200777755124752e-19 3.076790378305914796e-06 7.084571659354710829e-06 9.514568430005601608e-07 1.890686102721095830e+07 7.533320313897279358e+10 1.016725311123274764e+02
1.584893192461279492e+13 4.283583888681961049e-01 8.477950766195855303e-01 -1.876812091197138654e+00 2.428563065185867023e-03 1.363785199215923759e-19 2.161453878216767332e-06 4.976931479176096558e-06 6.499192645372913314e-07 1.443307895793539472e+07 7.533767692104206848e+10 1.154463473265322193e+02
1.778279410039111719e+13 4.191796338292070323e-01 8.694557305782104617e-01 -1.865338096154870229e+00 1.867185347402272036e-03 8.413914060512247111e-20 1.496229013164750520e-06 3.445194621418346537e-06 4.393661120224311010e-07 1.092947308805086464e+07 7.534118052691194153e+10 1.315399929691614602e+02
1.995262314969094922e+13 4.101069233427612204e-01 8.913373646423491392e-01 -1.853819009838097998e+00 1.413214165983821399e-03 5.109817047367107470e-20 1.019542539099824085e-06 2.347583452204554099e-06 2.945466601818591992e-07 8.226832224982242100e+06 7.534388316777502441e+10 1.502964187684131048e+02
2.238721138568585156e+13 4.011405090611467328e-01 9.134435163889276232e-01 -1.842133765290813630e+00 1.051856394350988815e-03 3.051820656703795593e-20 6.832175415283049045e-07 1.573166526395115401e-06 1.965279107168678746e-07 6.175350737342736684e+06 7.534593464926266479e+10 1.719987355759888032e+02
2.511886431509859375e+13 3.922810719184907091e-01 9.357766759276152646e-01 -1.830139079012676806e+00 nan nan nan nan nan nan nan nan
2.818382931264771875e+13 3.835292017480753102e-01 9.583395157071786796e-01 -1.818001864463417938e+00 nan nan nan nan nan nan nan nan
3.162277660168741406e+13 3.748851668031460971e-01 9.811355217654903482e-01 -1.805796945060493597e+00 nan nan nan nan nan nan nan nan
3.548133892336166406e+13 3.663491017306209629e-01 1.004168570322336640e+00 -1.793498771606791165e+00 nan nan nan nan nan nan nan nan
3.981071705535441406e+13 3.579215092293451250e-01 1.027441564582508127e+00 -1.780871468003964342e+00 nan nan nan nan nan nan nan nan
4.466835921510164844e+13 3.496030291606282980e-01 1.050956970591188311e+00 -1.768032062653559056e+00 nan nan nan nan nan nan nan nan
5.011872336273329688e+13 3.413939239607389209e-01 1.074718266200386907e+00 -1.755105281829405950e+00 nan nan nan nan nan nan nan nan
5.623413251904180469e+13 3.332942615173981604e-01 1.098729510986182767e+00 -1.742152188283396130e+00 nan nan nan nan nan nan nan nan
6.309573444802717188e+13 3.253043147500759846e-01 1.122994181680325942e+00 -1.728892908765664371e+00 nan nan nan nan nan nan nan nan
7.079457843842270312e+13 3.174247072467523689e-01 1.147514631302040344e+00 -1.715328633315662765e+00 nan nan nan nan nan nan nan nan
7.943282347243828125e+13 3.096557196578177407e-01 1.172294180404805486e+00 -1.701658795623586906e+00 nan nan nan nan nan nan nan nan
8.912509381338607812e+13 3.019973779563241423e-01 1.197336943908785756e+00 -1.687989943553975358e+00 nan nan nan nan nan nan nan nan
1.000000000000130938e+14 2.944497187171870034e-01 1.222647024874109034e+00 -1.674094231055354154e+00 nan nan nan nan nan nan nan nan
1.122018454302112188e+14 2.870132525463670037e-01 1.248226888168854520e+00 -1.659798262454547757e+00 nan nan nan nan nan nan nan nan
1.258925411794336094e+14 2.796883029354551020e-01 1.274079499686405992e+00 -1.645370286367844326e+00 nan nan nan nan nan nan nan nan
1.412537544622946250e+14 2.724748498599815494e-01 1.300208963230010895e+00 -1.630922551206853921e+00 nan nan nan nan nan nan nan nan
1.584893192461331250e+14 2.653727378188249220e-01 1.326619883464857486e+00 -1.616369095321699367e+00 nan nan nan nan nan nan nan nan
1.778279410039170000e+14 2.583822636721576638e-01 1.353315148469094398e+00 -1.601365176112144129e+00 nan nan nan nan nan nan nan nan
1.995262314969160312e+14 2.515037883909425065e-01 1.380297226371129726e+00 -1.586144212245938157e+00 nan nan nan nan nan nan nan nan
2.238721138568658125e+14 2.447372400770053413e-01 1.407570133447400451e+00 -1.570877599994942475e+00 nan nan nan nan nan nan nan nan
2.511886431509941875e+14 2.380823318270735012e-01 1.435138733084829976e+00 -1.555635171569603958e+00 nan nan nan nan nan nan nan nan
2.818382931264864375e+14 2.315390715999684490e-01 1.463006643887083902e+00 -1.539957622931715120e+00 nan nan nan nan nan nan nan nan
3.162277660168845000e+14 2.251077963473542831e-01 1.491175896629894693e+00 -1.523921678387713641e+00 nan nan nan nan nan nan nan nan
3.548133892336283125e+14 2.187884067440195035e-01 1.519650195468722931e+00 -1.507821944126108704e+00 nan nan nan nan nan nan nan nan
3.981071705535571875e+14 2.125805256318116787e-01 1.548434418249164279e+00 -1.491831202919642774e+00 nan nan nan nan nan nan nan nan
4.466835921510310625e+14 2.064838438948300992e-01 1.577533107439218707e+00 -1.475514748585351033e+00 nan nan nan nan nan nan nan nan
5.011872336273493750e+14 2.004985738279414786e-01 1.606948145338410017e+00 -1.458672034742397816e+00 nan nan nan nan nan nan nan nan
5.623413251904365000e+14 1.946246240237344549e-01 1.636682580628250561e+00 -1.441743193259520606e+00 nan nan nan nan nan nan nan nan
6.309573444802923750e+14 1.888615328192371212e-01 1.666741163013480742e+00 -1.424922392729871312e+00 nan nan nan nan nan nan nan nan
7.079457843842502500e+14 1.832087096947675464e-01 1.697129285870186077e+00 -1.407977629636269601e+00 nan nan nan nan nan nan nan nan
7.943282347244088750e+14 1.776661218296603229e-01 1.727849210113905354e+00 -1.390383450988005309e+00 nan nan nan nan nan nan nan nan
8.912509381338898750e+14 1.722337042612755442e-01 1.758902978723222876e+00 -1.372605152139057871e+00 nan nan nan nan nan nan nan nan
